Date,Adj Close,Close,High,Low,Open,Volume
2012-07-24,10.44341278076172,24.18000030517578,24.46999931335449,23.81999969482422,24.040000915527344,504200
2012-07-25,10.465006828308104,24.229999542236328,24.31999969482422,24.0,24.26000022888184,366500
2012-07-26,10.43045425415039,24.149999618530277,24.399999618530277,24.100000381469727,24.399999618530277,239000
2012-07-27,10.473642349243164,24.25,24.290000915527344,24.149999618530277,24.18000030517578,207500
2012-07-30,10.4779634475708,24.26000022888184,24.299999237060547,24.149999618530277,24.299999237060547,185600
2012-07-31,10.581620216369627,24.5,24.5,24.209999084472656,24.350000381469727,293500
2012-08-01,10.560022354125977,24.450000762939453,24.51000022888184,24.350000381469727,24.5,146700
2012-08-02,10.53843116760254,24.399999618530277,24.479999542236328,24.350000381469727,24.3799991607666,135700
2012-08-03,10.512518882751465,24.34000015258789,24.459999084472656,24.26000022888184,24.450000762939453,132900
2012-08-06,10.516834259033203,24.350000381469727,24.38999938964844,24.290000915527344,24.31999969482422,105500
2012-08-07,10.529788970947266,24.3799991607666,24.450000762939453,24.309999465942383,24.38999938964844,134200
2012-08-08,10.534110069274902,24.38999938964844,24.399999618530277,24.270000457763672,24.309999465942383,206700
2012-08-09,10.503876686096191,24.31999969482422,24.399999618530277,24.299999237060547,24.399999618530277,158100
2012-08-10,10.4779634475708,24.26000022888184,24.350000381469727,24.25,24.31999969482422,118500
2012-08-13,10.452051162719728,24.200000762939453,24.32999992370605,24.149999618530277,24.31999969482422,206900
2012-08-14,10.365671157836914,24.0,24.200000762939453,23.93000030517578,24.190000534057617,262500
2012-08-15,10.382946014404297,24.040000915527344,24.049999237060547,23.88999938964844,23.88999938964844,238900
2012-08-16,10.344074249267578,23.950000762939453,24.100000381469727,23.8700008392334,24.040000915527344,128700
2012-08-17,10.257694244384766,23.75,23.790000915527344,23.5,23.700000762939453,265900
2012-08-20,10.270649909973145,23.780000686645508,23.84000015258789,23.6200008392334,23.799999237060547,207800
2012-08-21,10.253372192382812,23.739999771118164,23.809999465942383,23.68000030517578,23.809999465942383,146100
2012-08-22,10.24473476409912,23.71999931335449,23.780000686645508,23.6200008392334,23.770000457763672,111600
2012-08-23,10.28360652923584,23.809999465942383,23.850000381469727,23.71999931335449,23.770000457763672,95700
2012-08-24,10.331116676330566,23.920000076293945,24.0,23.82999992370605,23.850000381469727,103600
2012-08-27,10.35271167755127,23.96999931335449,24.049999237060547,23.8799991607666,23.959999084472656,62500
2012-08-28,10.434775352478027,24.15999984741211,24.18000030517578,23.989999771118164,24.0,100900
2012-08-29,10.521150588989258,24.36000061035156,24.440000534057617,24.15999984741211,24.190000534057617,153600
2012-08-30,10.542750358581545,24.40999984741211,24.450000762939453,24.34000015258789,24.38999938964844,127300
2012-08-31,10.43045425415039,24.149999618530277,24.450000762939453,24.149999618530277,24.440000534057617,100900
2012-09-04,10.534110069274902,24.38999938964844,24.440000534057617,24.280000686645508,24.280000686645508,70300
2012-09-05,10.542750358581545,24.40999984741211,24.5,24.1200008392334,24.450000762939453,187400
2012-09-06,10.53843116760254,24.399999618530277,24.5,24.309999465942383,24.399999618530277,123400
2012-09-07,10.603214263916016,24.549999237060547,24.549999237060547,24.290000915527344,24.489999771118164,82900
2012-09-10,10.547070503234863,24.420000076293945,24.540000915527344,24.34000015258789,24.5,121100
2012-09-11,10.572980880737305,24.479999542236328,24.600000381469727,24.399999618530277,24.399999618530277,173100
2012-09-12,10.555705070495604,24.440000534057617,24.57999992370605,24.40999984741211,24.57999992370605,96600
2012-09-13,10.5513916015625,24.43000030517578,24.5,24.399999618530277,24.5,73800
2012-09-14,10.581620216369627,24.5,24.5,24.450000762939453,24.5,55700
2012-09-17,10.516834259033203,24.350000381469727,24.540000915527344,24.350000381469727,24.489999771118164,60900
2012-09-18,10.560022354125977,24.450000762939453,24.450000762939453,24.36000061035156,24.38999938964844,71500
2012-09-19,10.534110069274902,24.38999938964844,24.5,24.290000915527344,24.5,42500
2012-09-20,10.529788970947266,24.3799991607666,24.43000030517578,24.229999542236328,24.38999938964844,134900
2012-09-21,10.547070503234863,24.420000076293945,24.489999771118164,24.290000915527344,24.36000061035156,62300
2012-09-24,10.57730484008789,24.489999771118164,24.489999771118164,24.34000015258789,24.40999984741211,70300
2012-09-25,10.547070503234863,24.420000076293945,24.5,24.399999618530277,24.479999542236328,63800
2012-09-26,10.581620216369627,24.5,24.6299991607666,24.399999618530277,24.459999084472656,73900
2012-09-27,10.702554702758787,24.780000686645508,24.799999237060547,24.459999084472656,24.600000381469727,205000
2012-09-28,10.655043601989746,24.670000076293945,24.84000015258789,24.670000076293945,24.770000457763672,121000
2012-10-01,10.68959617614746,24.75,24.850000381469727,24.6200008392334,24.75,83500
2012-10-02,10.702554702758787,24.780000686645508,24.799999237060547,24.600000381469727,24.68000030517578,44200
2012-10-03,10.680957794189451,24.729999542236328,24.770000457763672,24.68000030517578,24.68000030517578,47400
2012-10-04,10.71119213104248,24.799999237060547,24.84000015258789,24.729999542236328,24.729999542236328,100800
2012-10-05,10.750061988830566,24.88999938964844,24.899999618530277,24.799999237060547,24.88999938964844,61600
2012-10-08,10.77165699005127,24.940000534057617,24.989999771118164,24.88999938964844,24.950000762939453,115200
2012-10-09,10.737105369567873,24.86000061035156,24.959999084472656,24.799999237060547,24.899999618530277,123700
2012-10-10,10.750061988830566,24.88999938964844,24.920000076293945,24.81999969482422,24.88999938964844,100700
2012-10-11,10.835643768310549,24.690000534057617,24.75,24.56999969482422,24.75,179400
2012-10-12,10.8400297164917,24.700000762939453,24.71999931335449,24.6200008392334,24.65999984741211,271900
2012-10-15,10.861971855163574,24.75,24.799999237060547,24.670000076293945,24.71999931335449,161600
2012-10-16,10.883917808532717,24.799999237060547,24.799999237060547,24.700000762939453,24.75,142300
2012-10-17,10.87513828277588,24.780000686645508,24.90999984741211,24.739999771118164,24.799999237060547,96200
2012-10-18,10.89269733428955,24.81999969482422,24.850000381469727,24.780000686645508,24.81999969482422,374600
2012-10-19,10.870756149291992,24.770000457763672,25.0,24.700000762939453,24.86000061035156,290300
2012-10-22,10.857585906982422,24.739999771118164,24.920000076293945,24.700000762939453,24.799999237060547,87500
2012-10-23,10.8400297164917,24.700000762939453,24.850000381469727,24.649999618530277,24.850000381469727,117400
2012-10-24,10.8444185256958,24.709999084472656,24.81999969482422,24.61000061035156,24.75,77600
2012-10-25,10.73470401763916,24.459999084472656,24.739999771118164,24.26000022888184,24.739999771118164,153600
2012-10-26,10.778592109680176,24.559999465942383,24.56999969482422,24.36000061035156,24.56999969482422,56000
2012-10-31,10.78297519683838,24.56999969482422,24.600000381469727,24.440000534057617,24.5,69200
2012-11-01,10.778592109680176,24.559999465942383,24.690000534057617,24.530000686645508,24.559999465942383,51900
2012-11-02,10.813698768615724,24.63999938964844,24.649999618530277,24.56999969482422,24.59000015258789,31500
2012-11-05,10.74347686767578,24.479999542236328,24.649999618530277,24.38999938964844,24.649999618530277,77900
2012-11-06,10.74347686767578,24.479999542236328,24.600000381469727,24.36000061035156,24.540000915527344,56500
2012-11-07,10.739091873168944,24.46999931335449,24.549999237060547,24.32999992370605,24.479999542236328,156700
2012-11-08,10.73470401763916,24.459999084472656,24.5,24.40999984741211,24.479999542236328,84900
2012-11-09,10.717151641845703,24.420000076293945,24.459999084472656,24.21999931335449,24.459999084472656,59600
2012-11-12,10.7522554397583,24.5,24.5,24.18000030517578,24.46999931335449,55300
2012-11-13,10.6600980758667,24.290000915527344,24.489999771118164,24.280000686645508,24.459999084472656,80200
2012-11-14,10.60304355621338,24.15999984741211,24.38999938964844,23.780000686645508,24.38999938964844,123600
2012-11-15,10.528434753417969,23.989999771118164,24.229999542236328,23.739999771118164,24.229999542236328,133800
2012-11-16,10.6600980758667,24.290000915527344,24.43000030517578,24.0,24.31999969482422,39700
2012-11-19,10.739091873168944,24.46999931335449,24.46999931335449,24.290000915527344,24.399999618530277,53600
2012-11-20,10.730313301086426,24.450000762939453,24.479999542236328,24.36000061035156,24.479999542236328,38900
2012-11-21,10.717151641845703,24.420000076293945,24.5,24.40999984741211,24.450000762939453,28900
2012-11-23,10.74347686767578,24.479999542236328,24.479999542236328,24.420000076293945,24.46999931335449,24900
2012-11-26,10.70398235321045,24.38999938964844,24.450000762939453,24.290000915527344,24.440000534057617,57700
2012-11-27,10.620597839355469,24.200000762939453,24.399999618530277,23.96999931335449,24.299999237060547,83900
2012-11-28,10.708373069763184,24.399999618530277,24.399999618530277,24.25,24.26000022888184,47400
2012-11-29,10.690814018249512,24.36000061035156,24.450000762939453,24.299999237060547,24.440000534057617,32500
2012-11-30,10.690814018249512,24.36000061035156,24.479999542236328,24.350000381469727,24.36000061035156,45200
2012-12-03,10.721539497375488,24.43000030517578,24.43000030517578,24.18000030517578,24.36000061035156,40900
2012-12-04,10.646928787231444,24.26000022888184,24.459999084472656,24.21999931335449,24.38999938964844,62700
2012-12-05,10.717151641845703,24.420000076293945,24.43000030517578,24.11000061035156,24.299999237060547,42200
2012-12-06,10.712759017944336,24.40999984741211,24.43000030517578,24.229999542236328,24.3799991607666,70400
2012-12-07,10.708373069763184,24.399999618530277,24.440000534057617,24.290000915527344,24.43000030517578,42900
2012-12-10,10.721539497375488,24.43000030517578,24.46999931335449,24.309999465942383,24.43000030517578,52300
2012-12-11,10.699591636657717,24.3799991607666,24.459999084472656,24.25,24.399999618530277,97500
2012-12-12,10.712759017944336,24.40999984741211,24.420000076293945,24.26000022888184,24.420000076293945,37200
2012-12-13,10.682040214538574,24.34000015258789,24.440000534057617,24.290000915527344,24.399999618530277,62500
2012-12-14,10.730313301086426,24.450000762939453,24.5,24.280000686645508,24.40999984741211,37100
2012-12-17,10.778592109680176,24.559999465942383,24.690000534057617,24.399999618530277,24.46999931335449,127100
2012-12-18,10.78297519683838,24.56999969482422,24.68000030517578,24.40999984741211,24.68000030517578,64800
2012-12-19,10.80492115020752,24.6200008392334,24.709999084472656,24.57999992370605,24.690000534057617,30400
2012-12-20,10.826865196228027,24.670000076293945,24.700000762939453,24.57999992370605,24.68000030517578,61000
2012-12-21,10.800532341003418,24.61000061035156,24.729999542236328,24.51000022888184,24.6200008392334,36600
2012-12-24,10.796146392822266,24.600000381469727,24.68000030517578,24.600000381469727,24.68000030517578,14900
2012-12-26,10.818086624145508,24.649999618530277,24.690000534057617,24.57999992370605,24.649999618530277,36100
2012-12-27,10.818086624145508,24.649999618530277,24.670000076293945,24.270000457763672,24.670000076293945,46300
2012-12-28,10.857585906982422,24.739999771118164,24.75,24.31999969482422,24.6299991607666,39000
2012-12-31,10.800532341003418,24.61000061035156,24.82999992370605,24.399999618530277,24.75,57200
2013-01-02,10.857585906982422,24.739999771118164,24.81999969482422,24.540000915527344,24.729999542236328,60400
2013-01-03,10.883917808532717,24.799999237060547,24.950000762939453,24.700000762939453,24.700000762939453,50100
2013-01-04,10.910252571105955,24.86000061035156,24.93000030517578,24.76000022888184,24.90999984741211,35300
2013-01-07,10.914640426635742,24.8700008392334,24.979999542236328,24.76000022888184,24.86000061035156,174200
2013-01-08,10.927803993225098,24.899999618530277,24.93000030517578,24.84000015258789,24.8799991607666,52200
2013-01-09,10.927803993225098,24.899999618530277,24.950000762939453,24.86000061035156,24.899999618530277,51000
2013-01-10,10.910252571105955,24.86000061035156,24.96999931335449,24.82999992370605,24.940000534057617,157900
2013-01-11,10.937847137451172,24.56999969482422,24.6299991607666,24.489999771118164,24.6299991607666,44800
2013-01-14,10.879979133605955,24.440000534057617,24.739999771118164,24.3700008392334,24.71999931335449,73100
2013-01-15,10.911137580871582,24.51000022888184,24.57999992370605,24.450000762939453,24.450000762939453,39100
2013-01-16,10.955656051635742,24.61000061035156,24.649999618530277,24.540000915527344,24.549999237060547,47100
2013-01-17,10.951208114624023,24.600000381469727,24.71999931335449,24.57999992370605,24.709999084472656,58500
2013-01-18,11.017979621887209,24.75,24.75,24.530000686645508,24.559999465942383,36900
2013-01-22,11.004627227783203,24.71999931335449,24.770000457763672,24.5,24.75,52900
2013-01-23,11.03133487701416,24.780000686645508,24.790000915527344,24.6299991607666,24.780000686645508,47100
2013-01-24,11.009076118469238,24.729999542236328,24.8799991607666,24.61000061035156,24.75,73600
2013-01-25,10.995722770690918,24.700000762939453,24.75,24.61000061035156,24.700000762939453,82200
2013-01-28,11.000173568725586,24.709999084472656,24.790000915527344,24.6200008392334,24.790000915527344,48500
2013-01-29,10.955656051635742,24.61000061035156,24.71999931335449,24.549999237060547,24.709999084472656,55700
2013-01-30,10.91559600830078,24.520000457763672,24.709999084472656,24.450000762939453,24.530000686645508,164500
2013-01-31,10.942304611206056,24.57999992370605,24.649999618530277,24.440000534057617,24.56999969482422,217800
2013-02-01,11.017979621887209,24.75,24.75,24.600000381469727,24.71999931335449,70700
2013-02-04,10.995722770690918,24.700000762939453,24.75,24.57999992370605,24.729999542236328,45600
2013-02-05,11.000173568725586,24.709999084472656,24.739999771118164,24.600000381469727,24.729999542236328,67500
2013-02-06,11.017979621887209,24.75,24.780000686645508,24.65999984741211,24.729999542236328,54000
2013-02-07,11.013530731201172,24.739999771118164,24.75,24.59000015258789,24.75,58800
2013-02-08,11.013530731201172,24.739999771118164,24.75,24.6200008392334,24.75,28200
2013-02-11,10.986820220947266,24.68000030517578,24.729999542236328,24.63999938964844,24.729999542236328,45400
2013-02-12,10.969013214111328,24.63999938964844,24.729999542236328,24.6200008392334,24.649999618530277,49600
2013-02-13,11.02242946624756,24.76000022888184,24.76000022888184,24.65999984741211,24.729999542236328,76500
2013-02-14,11.058048248291016,24.84000015258789,24.850000381469727,24.690000534057617,24.690000534057617,162200
2013-02-15,11.004627227783203,24.71999931335449,24.850000381469727,24.65999984741211,24.84000015258789,29600
2013-02-19,11.026888847351074,24.770000457763672,24.850000381469727,24.709999084472656,24.850000381469727,64800
2013-02-20,11.009076118469238,24.729999542236328,24.850000381469727,24.63999938964844,24.709999084472656,141500
2013-02-21,11.071403503417969,24.8700008392334,24.8700008392334,24.649999618530277,24.86000061035156,32900
2013-02-22,11.049145698547363,24.81999969482422,24.86000061035156,24.780000686645508,24.850000381469727,80800
2013-02-25,11.084756851196287,24.899999618530277,24.93000030517578,24.700000762939453,24.81999969482422,65000
2013-02-26,11.040240287780762,24.799999237060547,24.950000762939453,24.76000022888184,24.93000030517578,66400
2013-02-27,11.049145698547363,24.81999969482422,24.920000076293945,24.770000457763672,24.82999992370605,48800
2013-02-28,11.066953659057615,24.86000061035156,24.950000762939453,24.82999992370605,24.90999984741211,76100
2013-03-01,11.102564811706545,24.940000534057617,24.950000762939453,24.76000022888184,24.93000030517578,58100
2013-03-04,11.107015609741213,24.950000762939453,24.979999542236328,24.8700008392334,24.959999084472656,61600
2013-03-05,11.11591911315918,24.96999931335449,24.979999542236328,24.86000061035156,24.979999542236328,92400
2013-03-06,11.107015609741213,24.950000762939453,25.0,24.920000076293945,24.950000762939453,122200
2013-03-07,11.098116874694824,24.93000030517578,24.989999771118164,24.8799991607666,24.950000762939453,73800
2013-03-08,11.098116874694824,24.93000030517578,24.979999542236328,24.770000457763672,24.979999542236328,60000
2013-03-11,11.098116874694824,24.93000030517578,24.979999542236328,24.850000381469727,24.979999542236328,54300
2013-03-12,11.111467361450195,24.959999084472656,24.959999084472656,24.770000457763672,24.8700008392334,103500
2013-03-13,11.107015609741213,24.950000762939453,24.979999542236328,24.88999938964844,24.959999084472656,34700
2013-03-14,11.11591911315918,24.96999931335449,25.0,24.899999618530277,24.899999618530277,44800
2013-03-15,11.120369911193848,24.979999542236328,25.0,24.90999984741211,25.0,47800
2013-03-18,11.107015609741213,24.950000762939453,24.989999771118164,24.93000030517578,24.979999542236328,46800
2013-03-19,11.075854301452637,24.8799991607666,25.0,24.82999992370605,24.989999771118164,62500
2013-03-20,11.129274368286133,25.0,25.049999237060547,24.86000061035156,25.049999237060547,75900
2013-03-21,11.129274368286133,25.0,25.01000022888184,24.940000534057617,25.01000022888184,48100
2013-03-22,11.120369911193848,24.979999542236328,25.01000022888184,24.950000762939453,25.01000022888184,17900
2013-03-25,11.124826431274414,24.989999771118164,25.0,24.959999084472656,25.0,38400
2013-03-26,11.124826431274414,24.989999771118164,25.01000022888184,24.90999984741211,24.950000762939453,41700
2013-03-27,11.178245544433594,25.11000061035156,25.11000061035156,24.950000762939453,24.950000762939453,47700
2013-03-28,11.151535034179688,25.049999237060547,25.3700008392334,25.049999237060547,25.11000061035156,92800
2013-04-01,11.262828826904297,25.299999237060547,25.34000015258789,25.200000762939453,25.239999771118164,87300
2013-04-02,11.227213859558104,25.21999931335449,25.34000015258789,25.21999931335449,25.299999237060547,111000
2013-04-03,11.19159984588623,25.13999938964844,25.290000915527344,25.07999992370605,25.229999542236328,40100
2013-04-04,11.276182174682615,25.32999992370605,25.34000015258789,25.200000762939453,25.21999931335449,26900
2013-04-05,11.267278671264648,25.309999465942383,25.3700008392334,25.170000076293945,25.34000015258789,28200
2013-04-08,11.285083770751951,25.350000381469727,25.399999618530277,25.21999931335449,25.280000686645508,50600
2013-04-09,11.302892684936523,25.38999938964844,25.399999618530277,25.25,25.399999618530277,47600
2013-04-10,11.285083770751951,25.350000381469727,25.489999771118164,25.309999465942383,25.420000076293945,49600
2013-04-11,11.385305404663086,25.21999931335449,25.239999771118164,25.0,25.030000686645508,11600
2013-04-12,11.362735748291016,25.170000076293945,25.270000457763672,25.100000381469727,25.100000381469727,33900
2013-04-15,11.335647583007812,25.11000061035156,25.229999542236328,25.11000061035156,25.229999542236328,21700
2013-04-16,11.353703498840332,25.149999618530277,25.21999931335449,25.100000381469727,25.1299991607666,59400
2013-04-17,11.376277923583984,25.200000762939453,25.21999931335449,25.100000381469727,25.100000381469727,39600
2013-04-18,11.376277923583984,25.200000762939453,25.3799991607666,25.170000076293945,25.21999931335449,52200
2013-04-19,11.276957511901855,24.979999542236328,25.32999992370605,24.979999542236328,25.32999992370605,80600
2013-04-22,11.371760368347168,25.190000534057617,25.350000381469727,25.11000061035156,25.11000061035156,47400
2013-04-23,11.403363227844238,25.26000022888184,25.36000061035156,25.21999931335449,25.309999465942383,69300
2013-04-24,11.480106353759766,25.43000030517578,25.43000030517578,25.26000022888184,25.309999465942383,39500
2013-04-25,11.480106353759766,25.43000030517578,25.43000030517578,25.299999237060547,25.350000381469727,28600
2013-04-26,11.475597381591797,25.420000076293945,25.479999542236328,25.25,25.350000381469727,41100
2013-04-29,11.484620094299316,25.440000534057617,25.530000686645508,25.32999992370605,25.46999931335449,32500
2013-04-30,11.51170825958252,25.5,25.63999938964844,25.40999984741211,25.40999984741211,42300
2013-05-01,11.592968940734863,25.68000030517578,25.739999771118164,25.3700008392334,25.57999992370605,42800
2013-05-02,11.674224853515623,25.86000061035156,25.90999984741211,25.56999969482422,25.56999969482422,66300
2013-05-03,11.56588077545166,25.6200008392334,25.82999992370605,25.6200008392334,25.82999992370605,25200
2013-05-06,11.552335739135742,25.59000015258789,25.670000076293945,25.46999931335449,25.530000686645508,18000
2013-05-07,11.601998329162598,25.700000762939453,25.76000022888184,25.479999542236328,25.479999542236328,33700
2013-05-08,11.665199279785156,25.84000015258789,25.940000534057617,25.56999969482422,25.770000457763672,34500
2013-05-09,11.647139549255373,25.799999237060547,25.8700008392334,25.6299991607666,25.770000457763672,20900
2013-05-10,11.633597373962402,25.770000457763672,25.81999969482422,25.600000381469727,25.75,34500
2013-05-13,11.615541458129885,25.729999542236328,25.86000061035156,25.59000015258789,25.84000015258789,53900
2013-05-14,11.462050437927246,25.38999938964844,25.729999542236328,25.280000686645508,25.6200008392334,58200
2013-05-15,11.457533836364746,25.3799991607666,25.38999938964844,25.149999618530277,25.149999618530277,41800
2013-05-16,11.42593479156494,25.309999465942383,25.36000061035156,25.209999084472656,25.270000457763672,47400
2013-05-17,11.453021049499512,25.3700008392334,25.399999618530277,25.25,25.38999938964844,39600
2013-05-20,11.54330825805664,25.56999969482422,25.649999618530277,25.36000061035156,25.3799991607666,28700
2013-05-21,11.534276008605955,25.549999237060547,25.709999084472656,25.5,25.530000686645508,51100
2013-05-22,11.516220092773438,25.51000022888184,25.65999984741211,25.46999931335449,25.549999237060547,44200
2013-05-23,11.44399070739746,25.350000381469727,25.5,25.170000076293945,25.5,35400
2013-05-24,11.50719165802002,25.489999771118164,25.59000015258789,25.200000762939453,25.290000915527344,26000
2013-05-28,11.462050437927246,25.38999938964844,25.56999969482422,25.21999931335449,25.32999992370605,43400
2013-05-29,11.371760368347168,25.190000534057617,25.309999465942383,24.86000061035156,25.309999465942383,89300
2013-05-30,11.299530982971191,25.030000686645508,25.190000534057617,25.0,25.18000030517578,51800
2013-05-31,11.249871253967283,24.920000076293945,25.09000015258789,24.850000381469727,25.0,59600
2013-06-03,11.16861343383789,24.739999771118164,24.920000076293945,24.36000061035156,24.920000076293945,32800
2013-06-04,11.191187858581545,24.790000915527344,25.0,24.700000762939453,24.82999992370605,59700
2013-06-05,11.100896835327148,24.59000015258789,24.709999084472656,24.350000381469727,24.68000030517578,20900
2013-06-06,11.191187858581545,24.790000915527344,25.0,24.5,24.690000534057617,35800
2013-06-07,11.33112907409668,25.100000381469727,25.1200008392334,24.809999465942383,24.8799991607666,43200
2013-06-10,11.146042823791504,24.690000534057617,25.020000457763672,24.450000762939453,25.020000457763672,31800
2013-06-11,10.821002960205078,23.96999931335449,24.61000061035156,23.90999984741211,24.61000061035156,73800
2013-06-12,10.703633308410645,23.709999084472656,24.190000534057617,22.8700008392334,23.959999084472656,81500
2013-06-13,10.884209632873535,24.11000061035156,24.38999938964844,22.3799991607666,23.100000381469727,34400
2013-06-14,10.992554664611816,24.350000381469727,24.600000381469727,23.899999618530277,24.100000381469727,38300
2013-06-17,11.00609302520752,24.3799991607666,24.479999542236328,24.26000022888184,24.350000381469727,28100
2013-06-18,10.997063636779783,24.36000061035156,24.68000030517578,23.90999984741211,24.350000381469727,28900
2013-06-19,10.71717357635498,23.739999771118164,24.51000022888184,23.690000534057617,24.399999618530277,24600
2013-06-20,10.62689208984375,23.540000915527344,23.76000022888184,22.90999984741211,23.530000686645508,66200
2013-06-21,10.42825412750244,23.100000381469727,23.540000915527344,23.09000015258789,23.15999984741211,41600
2013-06-24,9.84589672088623,21.809999465942383,22.6299991607666,20.149999618530277,22.6299991607666,87800
2013-06-25,10.297333717346191,22.809999465942383,22.899999618530277,22.01000022888184,22.100000381469727,61400
2013-06-26,10.360536575317385,22.950000762939453,23.790000915527344,22.86000061035156,22.950000762939453,44100
2013-06-27,10.595284461975098,23.46999931335449,23.729999542236328,23.07999992370605,23.15999984741211,20900
2013-06-28,10.798432350158691,23.920000076293945,23.920000076293945,23.26000022888184,23.479999542236328,30000
2013-07-01,10.78037452697754,23.8799991607666,23.96999931335449,23.61000061035156,23.920000076293945,30800
2013-07-02,10.62689208984375,23.540000915527344,24.31999969482422,23.540000915527344,23.979999542236328,39400
2013-07-03,10.44179630279541,23.1299991607666,23.90999984741211,23.0,23.489999771118164,10900
2013-07-05,10.504997253417969,23.270000457763672,23.280000686645508,22.76000022888184,22.899999618530277,18700
2013-07-08,10.292824745178224,22.799999237060547,23.61000061035156,22.799999237060547,23.26000022888184,29200
2013-07-09,10.419222831726074,23.07999992370605,23.200000762939453,22.670000076293945,23.06999969482422,54500
2013-07-10,10.38762378692627,23.01000022888184,23.549999237060547,22.959999084472656,23.18000030517578,30700
2013-07-11,10.613182067871094,23.149999618530277,23.450000762939453,23.0,23.450000762939453,35300
2013-07-12,10.512322425842283,22.93000030517578,23.32999992370605,22.76000022888184,23.21999931335449,21900
2013-07-15,10.571921348571776,23.059999465942383,23.239999771118164,22.76000022888184,23.0,22000
2013-07-16,10.530659675598145,22.96999931335449,23.15999984741211,22.850000381469727,23.15999984741211,36500
2013-07-17,10.567337036132812,23.049999237060547,23.239999771118164,23.01000022888184,23.09000015258789,36800
2013-07-18,10.47564697265625,22.850000381469727,23.31999969482422,22.84000015258789,23.170000076293945,27100
2013-07-19,10.503153800964355,22.90999984741211,22.989999771118164,22.68000030517578,22.86000061035156,51000
2013-07-22,10.539828300476074,22.989999771118164,23.11000061035156,22.920000076293945,22.959999084472656,19300
2013-07-23,10.571921348571776,23.059999465942383,23.200000762939453,22.96999931335449,22.96999931335449,33500
2013-07-24,10.379371643066406,22.63999938964844,22.96999931335449,22.290000915527344,22.940000534057617,41100
2013-07-25,10.287680625915527,22.440000534057617,22.799999237060547,22.31999969482422,22.739999771118164,34100
2013-07-26,10.328943252563477,22.530000686645508,22.86000061035156,22.43000030517578,22.520000457763672,11700
2013-07-29,9.95759391784668,21.71999931335449,22.61000061035156,21.65999984741211,22.61000061035156,21800
2013-07-30,9.90258502960205,21.600000381469727,21.850000381469727,21.229999542236328,21.850000381469727,13200
2013-07-31,9.989686012268066,21.790000915527344,21.850000381469727,21.440000534057617,21.51000022888184,19000
2013-08-01,9.87507438659668,21.540000915527344,22.030000686645508,21.459999084472656,21.850000381469727,40200
2013-08-02,9.8246431350708,21.43000030517578,21.700000762939453,21.15999984741211,21.520000457763672,28200
2013-08-05,9.714613914489746,21.190000534057617,21.63999938964844,21.06999969482422,21.57999992370605,26300
2013-08-06,9.641261100769045,21.030000686645508,21.309999465942383,20.81999969482422,21.100000381469727,41600
2013-08-07,9.540401458740234,20.809999465942383,21.1200008392334,20.61000061035156,21.11000061035156,43200
2013-08-08,9.554157257080078,20.84000015258789,21.1200008392334,20.790000915527344,20.799999237060547,29400
2013-08-09,9.508312225341797,20.739999771118164,20.899999618530277,20.709999084472656,20.8700008392334,23200
2013-08-12,9.567907333374023,20.8700008392334,21.1299991607666,20.81999969482422,20.81999969482422,68100
2013-08-13,9.577078819274902,20.88999938964844,21.15999984741211,20.71999931335449,20.96999931335449,39100
2013-08-14,9.42120361328125,20.549999237060547,21.020000457763672,20.3799991607666,21.020000457763672,58600
2013-08-15,9.315759658813477,20.31999969482422,20.6299991607666,20.13999938964844,20.36000061035156,48100
2013-08-16,9.27908706665039,20.239999771118164,20.76000022888184,20.030000686645508,20.270000457763672,58000
2013-08-19,9.150718688964844,19.959999084472656,20.520000457763672,19.950000762939453,20.18000030517578,52600
2013-08-20,9.169055938720703,20.0,21.0,19.8700008392334,19.979999542236328,77100
2013-08-21,9.091118812561035,19.82999992370605,20.32999992370605,19.530000686645508,19.979999542236328,88500
2013-08-22,9.173639297485352,20.01000022888184,20.239999771118164,19.8799991607666,19.8799991607666,42400
2013-08-23,9.297422409057615,20.280000686645508,20.649999618530277,20.11000061035156,20.21999931335449,71900
2013-08-26,9.379941940307615,20.459999084472656,20.600000381469727,20.3799991607666,20.520000457763672,64100
2013-08-27,9.600003242492676,20.940000534057617,20.989999771118164,20.100000381469727,20.32999992370605,47100
2013-08-28,9.600003242492676,20.940000534057617,21.309999465942383,20.84000015258789,20.979999542236328,42000
2013-08-29,9.650432586669922,21.049999237060547,21.26000022888184,20.65999984741211,20.86000061035156,44600
2013-08-30,9.650432586669922,21.049999237060547,21.190000534057617,21.0,21.13999938964844,29600
2013-09-03,9.577078819274902,20.88999938964844,21.170000076293945,20.56999969482422,21.049999237060547,38900
2013-09-04,9.517481803894045,20.76000022888184,21.18000030517578,20.75,20.84000015258789,41700
2013-09-05,9.205730438232422,20.07999992370605,20.729999542236328,20.049999237060547,20.729999542236328,38000
2013-09-06,9.173639297485352,20.01000022888184,20.649999618530277,19.950000762939453,20.290000915527344,33400
2013-09-09,9.256159782409668,20.190000534057617,20.3799991607666,20.030000686645508,20.030000686645508,60400
2013-09-10,9.22865390777588,20.1299991607666,20.940000534057617,20.09000015258789,20.280000686645508,68600
2013-09-11,9.21948528289795,20.11000061035156,20.31999969482422,20.020000457763672,20.25,52600
2013-09-12,9.091118812561035,19.82999992370605,20.229999542236328,19.71999931335449,20.13999938964844,85900
2013-09-13,9.063612937927246,19.770000457763672,20.100000381469727,19.63999938964844,19.8799991607666,43600
2013-09-16,9.22865390777588,20.1299991607666,20.21999931335449,19.739999771118164,20.049999237060547,39900
2013-09-17,9.26533317565918,20.209999084472656,20.209999084472656,19.959999084472656,20.15999984741211,48400
2013-09-18,9.306591987609863,20.299999237060547,20.549999237060547,19.809999465942383,20.1200008392334,50100
2013-09-19,9.311176300048828,20.309999465942383,20.739999771118164,20.1299991607666,20.309999465942383,58900
2013-09-20,9.338685035705566,20.3700008392334,20.63999938964844,20.25,20.26000022888184,35400
2013-09-23,9.283668518066406,20.25,20.799999237060547,20.200000762939453,20.3700008392334,42900
2013-09-24,9.306591987609863,20.299999237060547,20.51000022888184,20.209999084472656,20.5,42300
2013-09-25,9.499143600463867,20.71999931335449,20.71999931335449,20.299999237060547,20.299999237060547,37200
2013-09-26,9.6275053024292,21.0,21.280000686645508,20.670000076293945,20.770000457763672,28000
2013-09-27,9.425790786743164,20.559999465942383,21.100000381469727,20.559999465942383,21.100000381469727,28000
2013-09-30,9.416621208190918,20.540000915527344,20.979999542236328,20.31999969482422,20.5,28500
2013-10-01,9.375361442565918,20.450000762939453,21.209999084472656,20.399999618530277,20.649999618530277,37000
2013-10-02,9.416621208190918,20.540000915527344,20.76000022888184,20.450000762939453,20.489999771118164,21700
2013-10-03,9.40744972229004,20.520000457763672,20.700000762939453,20.440000534057617,20.559999465942383,26900
2013-10-04,9.503725051879885,20.729999542236328,20.729999542236328,20.520000457763672,20.520000457763672,15300
2013-10-07,9.462464332580566,20.63999938964844,20.75,20.61000061035156,20.63999938964844,22000
2013-10-08,9.467050552368164,20.649999618530277,20.76000022888184,20.56999969482422,20.63999938964844,33700
2013-10-09,9.499143600463867,20.71999931335449,20.799999237060547,20.420000076293945,20.729999542236328,53700
2013-10-10,9.588683128356934,20.559999465942383,20.61000061035156,20.3799991607666,20.56999969482422,53700
2013-10-11,9.607337951660156,20.600000381469727,20.600000381469727,20.51000022888184,20.51000022888184,37400
2013-10-14,9.658641815185549,20.709999084472656,20.739999771118164,20.600000381469727,20.600000381469727,16700
2013-10-15,9.374155044555664,20.100000381469727,20.739999771118164,19.84000015258789,20.6299991607666,45400
2013-10-16,9.374155044555664,20.100000381469727,20.38999938964844,19.850000381469727,20.09000015258789,30600
2013-10-17,9.472090721130373,20.309999465942383,20.350000381469727,20.020000457763672,20.11000061035156,28000
2013-10-18,9.38814640045166,20.1299991607666,20.549999237060547,20.1299991607666,20.40999984741211,49700
2013-10-21,9.434782028198242,20.229999542236328,20.40999984741211,20.1200008392334,20.36000061035156,28900
2013-10-22,9.490748405456545,20.350000381469727,20.459999084472656,20.26000022888184,20.3799991607666,45900
2013-10-23,9.495408058166504,20.36000061035156,20.6200008392334,20.270000457763672,20.3700008392334,70900
2013-10-24,9.397470474243164,20.149999618530277,20.450000762939453,20.040000915527344,20.450000762939453,72900
2013-10-25,9.299532890319824,19.940000534057617,20.149999618530277,19.90999984741211,20.149999618530277,37800
2013-10-28,9.257559776306152,19.850000381469727,20.0,19.739999771118164,19.940000534057617,59900
2013-10-29,9.304197311401367,19.950000762939453,20.020000457763672,19.84000015258789,19.850000381469727,58200
2013-10-30,9.313523292541504,19.96999931335449,20.18000030517578,19.86000061035156,20.01000022888184,53600
2013-10-31,9.271553993225098,19.8799991607666,20.030000686645508,19.809999465942383,19.93000030517578,40400
2013-11-01,9.26222038269043,19.86000061035156,20.1299991607666,19.809999465942383,19.979999542236328,31100
2013-11-04,9.229576110839844,19.790000915527344,19.959999084472656,19.76000022888184,19.940000534057617,33800
2013-11-05,9.159619331359863,19.63999938964844,19.799999237060547,19.559999465942383,19.75,42400
2013-11-06,9.159619331359863,19.63999938964844,19.68000030517578,19.420000076293945,19.68000030517578,46300
2013-11-07,9.122310638427734,19.559999465942383,19.739999771118164,19.520000457763672,19.56999969482422,55300
2013-11-08,9.024371147155762,19.350000381469727,19.479999542236328,19.26000022888184,19.43000030517578,50500
2013-11-11,9.047693252563477,19.399999618530277,19.43000030517578,19.350000381469727,19.399999618530277,39100
2013-11-12,9.047693252563477,19.399999618530277,19.459999084472656,19.350000381469727,19.420000076293945,51400
2013-11-13,9.071006774902344,19.450000762939453,19.51000022888184,19.399999618530277,19.450000762939453,36500
2013-11-14,9.103654861450195,19.520000457763672,19.530000686645508,19.420000076293945,19.420000076293945,49200
2013-11-15,9.08033561706543,19.46999931335449,19.559999465942383,19.46999931335449,19.489999771118164,39800
2013-11-18,9.122310638427734,19.559999465942383,19.729999542236328,19.530000686645508,19.600000381469727,40100
2013-11-19,9.094326972961426,19.5,19.600000381469727,19.46999931335449,19.540000915527344,53600
2013-11-20,9.112984657287598,19.540000915527344,19.59000015258789,19.450000762939453,19.51000022888184,63000
2013-11-21,9.26222038269043,19.86000061035156,19.8799991607666,19.5,19.520000457763672,73300
2013-11-22,9.322854042053224,19.989999771118164,20.0,19.700000762939453,19.729999542236328,63100
2013-11-25,9.318187713623049,19.979999542236328,20.030000686645508,19.86000061035156,19.989999771118164,40900
2013-11-26,9.280877113342283,19.899999618530277,20.06999969482422,19.76000022888184,20.0,41400
2013-11-27,9.355499267578123,20.059999465942383,20.1299991607666,19.81999969482422,19.8799991607666,64400
2013-11-29,9.425455093383787,20.209999084472656,20.209999084472656,19.780000686645508,20.0,64100
2013-12-02,9.266884803771973,19.8700008392334,20.299999237060547,19.8700008392334,20.100000381469727,31200
2013-12-03,9.332176208496094,20.01000022888184,20.21999931335449,19.86000061035156,19.950000762939453,58800
2013-12-04,9.178274154663086,19.68000030517578,20.149999618530277,19.65999984741211,19.96999931335449,43400
2013-12-05,9.029035568237305,19.36000061035156,19.729999542236328,19.350000381469727,19.649999618530277,53900
2013-12-06,9.071006774902344,19.450000762939453,19.700000762939453,19.399999618530277,19.559999465942383,57000
2013-12-09,9.094326972961426,19.5,19.559999465942383,19.43000030517578,19.559999465942383,52600
2013-12-10,9.122310638427734,19.559999465942383,19.8799991607666,19.479999542236328,19.5,67100
2013-12-11,9.066346168518066,19.440000534057617,19.799999237060547,19.399999618530277,19.489999771118164,66500
2013-12-12,9.150293350219728,19.6200008392334,19.690000534057617,19.43000030517578,19.5,118800
2013-12-13,9.252896308898926,19.84000015258789,19.90999984741211,19.46999931335449,19.559999465942383,98000
2013-12-16,9.313523292541504,19.96999931335449,20.030000686645508,19.670000076293945,19.76000022888184,83600
2013-12-17,9.304197311401367,19.950000762939453,20.06999969482422,19.81999969482422,19.86000061035156,62900
2013-12-18,9.285540580749512,19.90999984741211,20.21999931335449,19.780000686645508,19.90999984741211,70800
2013-12-19,9.210922241210938,19.75,20.1200008392334,19.68000030517578,20.049999237060547,72200
2013-12-20,9.318187713623049,19.979999542236328,19.979999542236328,19.57999992370605,19.700000762939453,87100
2013-12-23,9.336843490600586,20.020000457763672,20.209999084472656,19.790000915527344,19.989999771118164,118400
2013-12-24,9.374155044555664,20.100000381469727,20.15999984741211,19.90999984741211,19.979999542236328,59100
2013-12-26,9.360159873962402,20.06999969482422,20.13999938964844,20.040000915527344,20.09000015258789,32400
2013-12-27,9.220247268676758,19.770000457763672,20.170000076293945,19.770000457763672,20.049999237060547,57400
2013-12-30,9.392807006835938,20.13999938964844,20.15999984741211,19.799999237060547,19.850000381469727,59600
2013-12-31,9.45343780517578,20.270000457763672,20.34000015258789,20.0,20.059999465942383,58600
2014-01-02,9.537384033203123,20.450000762939453,20.56999969482422,20.209999084472656,20.209999084472656,52700
2014-01-03,9.630660057067873,20.649999618530277,20.68000030517578,20.51000022888184,20.549999237060547,20600
2014-01-06,9.765907287597656,20.940000534057617,21.030000686645508,20.670000076293945,20.670000076293945,43200
2014-01-07,9.765907287597656,20.940000534057617,21.030000686645508,20.850000381469727,20.940000534057617,31600
2014-01-08,9.79389190673828,21.0,21.030000686645508,20.76000022888184,20.86000061035156,37100
2014-01-09,9.826537132263184,21.06999969482422,21.18000030517578,21.0,21.030000686645508,50800
2014-01-10,9.980441093444824,21.399999618530277,21.5,21.200000762939453,21.200000762939453,61800
2014-01-13,9.967164039611816,21.020000457763672,21.270000457763672,20.8700008392334,21.25,51000
2014-01-14,9.82016944885254,20.709999084472656,21.0,20.690000534057617,21.0,26900
2014-01-15,9.843878746032717,20.76000022888184,20.899999618530277,20.700000762939453,20.770000457763672,30300
2014-01-16,9.853363037109377,20.780000686645508,20.8799991607666,20.700000762939453,20.790000915527344,21800
2014-01-17,9.72059440612793,20.5,20.790000915527344,20.459999084472656,20.780000686645508,64100
2014-01-21,9.805947303771973,20.68000030517578,20.770000457763672,20.559999465942383,20.56999969482422,42800
2014-01-22,9.782236099243164,20.6299991607666,20.850000381469727,20.6200008392334,20.770000457763672,45400
2014-01-23,9.725334167480469,20.51000022888184,20.649999618530277,20.489999771118164,20.57999992370605,102900
2014-01-24,9.606792449951172,20.26000022888184,20.57999992370605,20.26000022888184,20.43000030517578,40200
2014-01-27,9.60204792022705,20.25,20.26000022888184,19.36000061035156,19.36000061035156,38600
2014-01-28,9.511957168579102,20.059999465942383,20.200000762939453,20.059999465942383,20.18000030517578,43000
2014-01-29,9.407637596130373,19.84000015258789,20.06999969482422,19.81999969482422,19.979999542236328,39900
2014-01-30,9.402894020080566,19.82999992370605,19.989999771118164,19.76000022888184,19.850000381469727,43400
2014-01-31,9.34599781036377,19.709999084472656,19.8799991607666,19.709999084472656,19.76000022888184,39400
2014-02-03,9.30332088470459,19.6200008392334,19.899999618530277,19.530000686645508,19.799999237060547,55500
2014-02-04,9.298576354980469,19.61000061035156,19.68000030517578,19.559999465942383,19.6200008392334,35600
2014-02-05,9.331769943237305,19.68000030517578,19.71999931335449,19.51000022888184,19.549999237060547,54300
2014-02-06,9.38392734527588,19.790000915527344,19.920000076293945,19.729999542236328,19.729999542236328,24500
2014-02-07,9.388669967651367,19.799999237060547,19.959999084472656,19.76000022888184,19.850000381469727,32300
2014-02-10,9.431346893310549,19.88999938964844,19.96999931335449,19.82999992370605,19.82999992370605,67800
2014-02-11,9.530923843383787,20.100000381469727,20.149999618530277,19.90999984741211,20.0,57000
2014-02-12,9.54040813446045,20.1200008392334,20.290000915527344,20.09000015258789,20.149999618530277,29100
2014-02-13,9.554631233215332,20.149999618530277,20.26000022888184,20.09000015258789,20.1299991607666,36900
2014-02-14,9.611534118652344,20.270000457763672,20.38999938964844,20.21999931335449,20.21999931335449,38300
2014-02-18,9.715850830078123,20.489999771118164,20.56999969482422,20.31999969482422,20.31999969482422,43500
2014-02-19,9.635241508483888,20.31999969482422,20.56999969482422,20.280000686645508,20.489999771118164,41500
2014-02-20,9.621015548706056,20.290000915527344,20.350000381469727,20.1299991607666,20.350000381469727,50200
2014-02-21,9.65895175933838,20.3700008392334,20.3799991607666,20.280000686645508,20.280000686645508,19700
2014-02-24,9.677916526794434,20.40999984741211,20.51000022888184,20.31999969482422,20.38999938964844,45200
2014-02-25,9.69214153289795,20.440000534057617,20.530000686645508,20.34000015258789,20.459999084472656,79300
2014-02-26,9.75852870941162,20.57999992370605,20.700000762939453,20.459999084472656,20.459999084472656,24100
2014-02-27,9.843878746032717,20.76000022888184,20.8700008392334,20.63999938964844,20.700000762939453,24400
2014-02-28,9.829652786254885,20.729999542236328,20.920000076293945,20.690000534057617,20.690000534057617,31700
2014-03-03,9.75378704071045,20.56999969482422,20.690000534057617,20.540000915527344,20.690000534057617,28400
2014-03-04,9.7680082321167,20.600000381469727,20.780000686645508,20.59000015258789,20.729999542236328,25700
2014-03-05,9.805947303771973,20.68000030517578,20.739999771118164,20.63999938964844,20.700000762939453,18100
2014-03-06,9.858105659484863,20.790000915527344,20.8799991607666,20.709999084472656,20.709999084472656,28600
2014-03-07,9.853363037109377,20.780000686645508,20.84000015258789,20.71999931335449,20.799999237060547,52700
2014-03-10,9.853363037109377,20.780000686645508,20.850000381469727,20.690000534057617,20.76000022888184,37300
2014-03-11,9.858105659484863,20.790000915527344,20.93000030517578,20.729999542236328,20.93000030517578,34300
2014-03-12,10.019322395324709,21.1299991607666,21.1299991607666,20.8700008392334,20.8700008392334,29800
2014-03-13,10.12838363647461,21.36000061035156,21.38999938964844,21.1299991607666,21.1299991607666,41500
2014-03-14,10.19002628326416,21.489999771118164,21.61000061035156,21.25,21.5,100400
2014-03-17,10.19951057434082,21.51000022888184,21.6200008392334,21.299999237060547,21.600000381469727,37400
2014-03-18,10.213736534118652,21.540000915527344,21.61000061035156,21.450000762939453,21.5,28500
2014-03-19,9.981389999389648,21.049999237060547,22.049999237060547,21.049999237060547,21.6299991607666,42100
2014-03-20,10.085708618164062,21.270000457763672,21.43000030517578,21.11000061035156,21.26000022888184,25200
2014-03-21,10.152093887329102,21.40999984741211,21.40999984741211,21.149999618530277,21.149999618530277,13100
2014-03-24,10.218478202819824,21.549999237060547,21.8799991607666,21.280000686645508,21.34000015258789,54800
2014-03-25,10.24218463897705,21.600000381469727,21.670000076293945,21.43000030517578,21.46999931335449,46800
2014-03-26,10.318055152893066,21.76000022888184,21.8799991607666,21.520000457763672,21.71999931335449,39100
2014-03-27,10.313312530517578,21.75,21.81999969482422,21.520000457763672,21.809999465942383,22000
2014-03-28,10.322793960571287,21.770000457763672,21.959999084472656,21.770000457763672,21.8700008392334,30000
2014-03-31,10.360729217529297,21.850000381469727,21.899999618530277,21.59000015258789,21.84000015258789,74500
2014-04-01,10.493497848510742,22.1299991607666,22.280000686645508,21.86000061035156,21.96999931335449,29800
2014-04-02,10.45082664489746,22.040000915527344,22.399999618530277,22.040000915527344,22.100000381469727,34600
2014-04-03,10.318055152893066,21.76000022888184,22.020000457763672,21.709999084472656,21.96999931335449,45100
2014-04-04,10.275378227233888,21.670000076293945,22.0,21.6200008392334,21.780000686645508,56000
2014-04-07,10.332279205322266,21.790000915527344,21.850000381469727,21.690000534057617,21.76000022888184,41700
2014-04-08,10.299087524414062,21.71999931335449,21.76000022888184,21.65999984741211,21.690000534057617,51800
2014-04-09,10.299087524414062,21.71999931335449,21.770000457763672,21.670000076293945,21.709999084472656,42100
2014-04-10,10.261151313781738,21.63999938964844,21.75,21.530000686645508,21.68000030517578,44100
2014-04-11,10.252477645874023,21.270000457763672,21.420000076293945,21.25,21.350000381469727,27300
2014-04-14,10.368163108825684,21.51000022888184,21.549999237060547,21.36000061035156,21.36000061035156,51700
2014-04-15,10.445284843444824,21.670000076293945,21.780000686645508,21.420000076293945,21.420000076293945,48500
2014-04-16,10.392260551452637,21.559999465942383,21.799999237060547,21.5,21.799999237060547,21800
2014-04-17,10.33441925048828,21.440000534057617,21.68000030517578,21.440000534057617,21.59000015258789,82400
2014-04-21,10.507946014404297,21.799999237060547,21.799999237060547,21.530000686645508,21.6200008392334,69300
2014-04-22,10.642910957336426,22.07999992370605,22.190000534057617,21.799999237060547,21.84000015258789,160000
2014-04-23,10.64772891998291,22.09000015258789,22.31999969482422,22.09000015258789,22.13999938964844,40100
2014-04-24,10.551324844360352,21.88999938964844,22.149999618530277,21.88999938964844,22.149999618530277,50100
2014-04-25,10.64772891998291,22.09000015258789,22.1200008392334,21.90999984741211,21.940000534057617,43800
2014-04-28,10.758591651916504,22.31999969482422,22.38999938964844,22.059999465942383,22.100000381469727,151400
2014-04-29,10.739313125610352,22.280000686645508,22.43000030517578,22.280000686645508,22.309999465942383,318700
2014-04-30,10.922480583190918,22.65999984741211,22.68000030517578,22.299999237060547,22.34000015258789,45400
2014-05-01,10.912837028503418,22.63999938964844,22.770000457763672,22.600000381469727,22.600000381469727,216600
2014-05-02,10.94175910949707,22.700000762939453,22.739999771118164,22.600000381469727,22.670000076293945,25600
2014-05-05,11.009243965148926,22.84000015258789,22.88999938964844,22.700000762939453,22.739999771118164,31100
2014-05-06,10.989961624145508,22.799999237060547,22.8799991607666,22.68000030517578,22.799999237060547,19300
2014-05-07,10.98513889312744,22.790000915527344,22.8799991607666,22.739999771118164,22.8700008392334,40600
2014-05-08,10.922480583190918,22.65999984741211,22.850000381469727,22.65999984741211,22.76000022888184,47300
2014-05-09,10.845356941223145,22.5,22.670000076293945,22.479999542236328,22.65999984741211,481500
2014-05-12,10.83089828491211,22.46999931335449,22.520000457763672,22.440000534057617,22.5,25900
2014-05-13,10.80197525024414,22.40999984741211,22.549999237060547,22.399999618530277,22.5,88700
2014-05-14,10.792333602905272,22.38999938964844,22.46999931335449,22.299999237060547,22.46999931335449,25300
2014-05-15,10.691113471984863,22.18000030517578,22.479999542236328,22.18000030517578,22.479999542236328,31100
2014-05-16,10.80679702758789,22.420000076293945,22.51000022888184,22.190000534057617,22.280000686645508,56300
2014-05-19,10.763416290283203,22.32999992370605,22.56999969482422,22.299999237060547,22.420000076293945,45500
2014-05-20,10.734492301940918,22.270000457763672,22.479999542236328,22.270000457763672,22.31999969482422,99200
2014-05-21,10.773052215576172,22.350000381469727,22.440000534057617,22.170000076293945,22.34000015258789,34200
2014-05-22,10.753772735595703,22.309999465942383,22.5,22.270000457763672,22.420000076293945,30200
2014-05-23,10.753772735595703,22.309999465942383,22.3700008392334,22.07999992370605,22.3700008392334,29700
2014-05-27,10.821255683898926,22.450000762939453,22.479999542236328,22.290000915527344,22.290000915527344,17200
2014-05-28,10.845356941223145,22.5,22.549999237060547,22.38999938964844,22.450000762939453,26300
2014-05-29,11.02370548248291,22.8700008392334,22.899999618530277,22.40999984741211,22.5,54500
2014-05-30,11.25988483428955,23.36000061035156,23.3799991607666,22.979999542236328,23.06999969482422,60400
2014-06-02,11.120102882385254,23.06999969482422,23.36000061035156,23.0,23.350000381469727,55600
2014-06-03,10.883919715881348,22.57999992370605,23.18000030517578,22.520000457763672,23.100000381469727,61700
2014-06-04,10.936941146850586,22.690000534057617,22.709999084472656,22.31999969482422,22.59000015258789,69900
2014-06-05,10.94175910949707,22.700000762939453,22.950000762939453,22.530000686645508,22.780000686645508,32400
2014-06-06,10.956220626831056,22.729999542236328,22.88999938964844,22.700000762939453,22.709999084472656,23400
2014-06-09,10.999600410461426,22.81999969482422,22.850000381469727,22.61000061035156,22.84000015258789,26800
2014-06-10,10.980319023132324,22.780000686645508,22.8700008392334,22.649999618530277,22.809999465942383,23400
2014-06-11,10.970680236816406,22.76000022888184,22.850000381469727,22.71999931335449,22.780000686645508,16900
2014-06-12,11.110462188720703,23.049999237060547,23.15999984741211,22.649999618530277,22.71999931335449,40000
2014-06-13,11.10564422607422,23.040000915527344,23.200000762939453,22.850000381469727,23.149999618530277,94800
2014-06-16,11.144206047058104,23.1200008392334,23.190000534057617,23.049999237060547,23.059999465942383,20000
2014-06-17,11.173125267028809,23.18000030517578,23.3700008392334,23.0,23.170000076293945,89000
2014-06-18,11.182771682739258,23.200000762939453,23.34000015258789,23.100000381469727,23.26000022888184,80700
2014-06-19,11.120102882385254,23.06999969482422,23.299999237060547,23.06999969482422,23.299999237060547,28800
2014-06-20,11.115283966064451,23.059999465942383,23.149999618530277,23.049999237060547,23.149999618530277,17000
2014-06-23,11.177948951721191,23.190000534057617,23.209999084472656,23.1299991607666,23.13999938964844,25600
2014-06-24,11.168310165405272,23.170000076293945,23.200000762939453,23.13999938964844,23.200000762939453,22400
2014-06-25,11.134566307067873,23.100000381469727,23.239999771118164,23.01000022888184,23.190000534057617,33200
2014-06-26,11.134566307067873,23.100000381469727,23.149999618530277,23.049999237060547,23.149999618530277,14600
2014-06-27,11.144206047058104,23.1200008392334,23.209999084472656,22.82999992370605,23.209999084472656,18600
2014-06-30,11.08636474609375,23.0,23.200000762939453,23.0,23.06999969482422,24600
2014-07-01,11.100826263427734,23.030000686645508,23.13999938964844,22.940000534057617,22.96999931335449,34600
2014-07-02,11.18758773803711,23.209999084472656,23.209999084472656,23.0,23.07999992370605,100300
2014-07-03,11.197229385375977,23.229999542236328,23.299999237060547,23.13999938964844,23.26000022888184,11700
2014-07-07,11.216509819030762,23.270000457763672,23.3799991607666,23.06999969482422,23.290000915527344,46500
2014-07-08,11.250250816345217,23.34000015258789,23.440000534057617,23.270000457763672,23.350000381469727,38400
2014-07-09,11.283991813659668,23.40999984741211,23.43000030517578,23.309999465942383,23.309999465942383,19700
2014-07-10,11.447877883911133,23.75,23.82999992370605,23.350000381469727,23.3700008392334,130600
2014-07-11,11.4488525390625,23.399999618530277,23.600000381469727,23.280000686645508,23.280000686645508,44100
2014-07-14,11.4782133102417,23.459999084472656,23.63999938964844,23.299999237060547,23.5,23300
2014-07-15,11.399928092956545,23.299999237060547,23.399999618530277,23.26000022888184,23.34000015258789,17000
2014-07-16,11.463534355163574,23.43000030517578,23.61000061035156,23.25,23.399999618530277,12100
2014-07-17,11.35100555419922,23.200000762939453,23.59000015258789,23.190000534057617,23.309999465942383,18600
2014-07-18,11.590742111206056,23.690000534057617,23.739999771118164,23.25,23.5,46900
2014-07-21,11.487994194030762,23.479999542236328,23.63999938964844,23.40999984741211,23.63999938964844,11600
2014-07-22,11.434176445007324,23.3700008392334,23.459999084472656,23.34000015258789,23.450000762939453,68900
2014-07-23,11.424389839172363,23.350000381469727,23.399999618530277,23.31999969482422,23.32999992370605,29600
2014-07-24,11.4488525390625,23.399999618530277,23.420000076293945,23.299999237060547,23.350000381469727,20000
2014-07-25,11.429280281066896,23.36000061035156,23.450000762939453,23.239999771118164,23.299999237060547,21800
2014-07-28,11.414608001708984,23.32999992370605,23.46999931335449,23.31999969482422,23.32999992370605,9400
2014-07-29,11.527137756347656,23.559999465942383,23.559999465942383,23.38999938964844,23.399999618530277,46700
2014-07-30,11.37057113647461,23.239999771118164,23.56999969482422,23.229999542236328,23.56999969482422,29400
2014-07-31,11.292287826538086,23.07999992370605,23.18000030517578,22.84000015258789,23.18000030517578,36300
2014-08-01,11.111260414123535,22.709999084472656,23.290000915527344,22.57999992370605,23.229999542236328,40300
2014-08-04,11.023191452026367,22.530000686645508,22.989999771118164,22.46999931335449,22.82999992370605,39600
2014-08-05,11.003623008728027,22.489999771118164,22.56999969482422,22.309999465942383,22.56999969482422,18900
2014-08-06,11.01830005645752,22.520000457763672,22.6299991607666,22.229999542236328,22.46999931335449,23400
2014-08-07,11.1455078125,22.780000686645508,22.780000686645508,22.5,22.65999984741211,29200
2014-08-08,11.184649467468262,22.86000061035156,22.899999618530277,22.729999542236328,22.8799991607666,15900
2014-08-11,11.179758071899414,22.850000381469727,22.940000534057617,22.6299991607666,22.88999938964844,13600
2014-08-12,11.262933731079102,23.020000457763672,23.040000915527344,22.8799991607666,22.90999984741211,9100
2014-08-13,11.287395477294922,23.06999969482422,23.11000061035156,23.0,23.0,23000
2014-08-14,11.331427574157717,23.15999984741211,23.26000022888184,23.040000915527344,23.200000762939453,31600
2014-08-15,11.331427574157717,23.15999984741211,23.36000061035156,22.989999771118164,23.280000686645508,22000
2014-08-18,11.346108436584473,23.190000534057617,23.239999771118164,23.15999984741211,23.239999771118164,19500
2014-08-19,11.287395477294922,23.06999969482422,23.309999465942383,23.049999237060547,23.209999084472656,23500
2014-08-20,11.302074432373049,23.100000381469727,23.18000030517578,22.950000762939453,23.07999992370605,18900
2014-08-21,11.399928092956545,23.299999237060547,23.3799991607666,23.15999984741211,23.21999931335449,26400
2014-08-22,11.292287826538086,23.07999992370605,23.350000381469727,23.07999992370605,23.350000381469727,21400
2014-08-25,11.346108436584473,23.190000534057617,23.31999969482422,23.06999969482422,23.21999931335449,14300
2014-08-26,11.55160140991211,23.61000061035156,23.61000061035156,23.13999938964844,23.25,29200
2014-08-27,11.561387062072754,23.6299991607666,23.780000686645508,23.540000915527344,23.670000076293945,27700
2014-08-28,11.65434741973877,23.81999969482422,23.82999992370605,23.65999984741211,23.670000076293945,19500
2014-08-29,11.649455070495604,23.809999465942383,23.940000534057617,23.809999465942383,23.84000015258789,31200
2014-09-02,11.629884719848633,23.770000457763672,23.96999931335449,23.540000915527344,23.8700008392334,42800
2014-09-03,11.634775161743164,23.780000686645508,23.86000061035156,23.600000381469727,23.68000030517578,48800
2014-09-04,11.595633506774902,23.700000762939453,23.770000457763672,23.57999992370605,23.68000030517578,67500
2014-09-05,11.620100021362305,23.75,23.76000022888184,23.549999237060547,23.729999542236328,29000
2014-09-08,11.629884719848633,23.770000457763672,23.81999969482422,23.690000534057617,23.75,22000
2014-09-09,11.487994194030762,23.479999542236328,23.75,23.450000762939453,23.700000762939453,20900
2014-09-10,11.585850715637209,23.68000030517578,23.690000534057617,23.420000076293945,23.479999542236328,40200
2014-09-11,11.63967227935791,23.790000915527344,23.809999465942383,23.649999618530277,23.729999542236328,20400
2014-09-12,11.566276550292969,23.63999938964844,23.700000762939453,23.549999237060547,23.68000030517578,34400
2014-09-15,11.595633506774902,23.700000762939453,23.88999938964844,23.6200008392334,23.75,143300
2014-09-16,11.60541820526123,23.71999931335449,23.76000022888184,23.57999992370605,23.76000022888184,17800
2014-09-17,11.556490898132324,23.6200008392334,23.86000061035156,23.6200008392334,23.700000762939453,24500
2014-09-18,11.522249221801758,23.549999237060547,23.690000534057617,23.450000762939453,23.690000534057617,31000
2014-09-19,11.527137756347656,23.559999465942383,23.6299991607666,23.31999969482422,23.600000381469727,96500
2014-09-22,11.507569313049316,23.520000457763672,23.56999969482422,23.450000762939453,23.56999969482422,32900
2014-09-23,11.463534355163574,23.43000030517578,23.520000457763672,23.32999992370605,23.51000022888184,15200
2014-09-24,11.404820442199709,23.309999465942383,23.489999771118164,23.26000022888184,23.43000030517578,21700
2014-09-25,11.297182083129885,23.09000015258789,23.38999938964844,23.020000457763672,23.38999938964844,26700
2014-09-26,11.522249221801758,23.549999237060547,23.600000381469727,23.170000076293945,23.200000762939453,23000
2014-09-29,11.512462615966797,23.530000686645508,23.56999969482422,23.38999938964844,23.540000915527344,15200
2014-09-30,11.497782707214355,23.5,23.649999618530277,23.36000061035156,23.649999618530277,32900
2014-10-01,11.419499397277832,23.34000015258789,23.56999969482422,23.100000381469727,23.56999969482422,18500
2014-10-02,11.37057113647461,23.239999771118164,23.34000015258789,23.059999465942383,23.34000015258789,29800
2014-10-03,11.326539039611816,23.149999618530277,23.309999465942383,23.09000015258789,23.309999465942383,31600
2014-10-06,11.326539039611816,23.149999618530277,23.3700008392334,23.11000061035156,23.21999931335449,39000
2014-10-07,11.262933731079102,23.020000457763672,23.200000762939453,23.0,23.200000762939453,20500
2014-10-08,11.302074432373049,23.100000381469727,23.1299991607666,22.899999618530277,23.01000022888184,24300
2014-10-09,11.31675148010254,23.1299991607666,23.299999237060547,23.049999237060547,23.149999618530277,34600
2014-10-10,11.25315761566162,22.649999618530277,22.90999984741211,22.51000022888184,22.780000686645508,27700
2014-10-13,11.143856048583984,22.43000030517578,22.63999938964844,22.280000686645508,22.63999938964844,17600
2014-10-14,11.30284309387207,22.75,22.940000534057617,22.31999969482422,22.31999969482422,15000
2014-10-15,11.461825370788574,23.06999969482422,23.09000015258789,22.479999542236328,22.739999771118164,17900
2014-10-16,11.427048683166504,23.0,23.18000030517578,22.86000061035156,23.06999969482422,24400
2014-10-17,11.402207374572754,22.950000762939453,23.299999237060547,22.82999992370605,23.190000534057617,27800
2014-10-20,11.362462043762209,22.8700008392334,23.280000686645508,22.780000686645508,23.149999618530277,40000
2014-10-21,11.516474723815918,23.18000030517578,23.309999465942383,22.950000762939453,23.170000076293945,59500
2014-10-22,11.59100341796875,23.32999992370605,23.34000015258789,23.11000061035156,23.25,19500
2014-10-23,11.481698989868164,23.11000061035156,23.3700008392334,23.07999992370605,23.350000381469727,43900
2014-10-24,11.461825370788574,23.06999969482422,23.25,23.040000915527344,23.21999931335449,17100
2014-10-27,11.501572608947754,23.149999618530277,23.31999969482422,22.979999542236328,23.170000076293945,21300
2014-10-28,11.491636276245115,23.1299991607666,23.21999931335449,23.049999237060547,23.200000762939453,24300
2014-10-29,11.526416778564451,23.200000762939453,23.239999771118164,23.020000457763672,23.200000762939453,33200
2014-10-30,11.516474723815918,23.18000030517578,23.229999542236328,23.13999938964844,23.200000762939453,11400
2014-10-31,11.6903715133667,23.530000686645508,23.530000686645508,23.059999465942383,23.280000686645508,65000
2014-11-03,11.685399055480955,23.520000457763672,23.600000381469727,23.299999237060547,23.549999237060547,40900
2014-11-04,11.670494079589844,23.489999771118164,23.520000457763672,23.399999618530277,23.479999542236328,85500
2014-11-05,11.705272674560549,23.559999465942383,23.600000381469727,23.309999465942383,23.57999992370605,24200
2014-11-06,11.69533634185791,23.540000915527344,23.729999542236328,23.420000076293945,23.51000022888184,35600
2014-11-07,11.6903715133667,23.530000686645508,23.649999618530277,23.3799991607666,23.63999938964844,46500
2014-11-10,11.610873222351074,23.3700008392334,23.700000762939453,23.299999237060547,23.600000381469727,31800
2014-11-11,11.705272674560549,23.559999465942383,23.56999969482422,23.38999938964844,23.46999931335449,37300
2014-11-12,11.725143432617188,23.600000381469727,23.61000061035156,23.450000762939453,23.549999237060547,39400
2014-11-13,11.740049362182615,23.6299991607666,23.700000762939453,23.51000022888184,23.59000015258789,47800
2014-11-14,11.824511528015137,23.799999237060547,23.809999465942383,23.600000381469727,23.6200008392334,42200
2014-11-17,11.859291076660156,23.8700008392334,23.8700008392334,23.729999542236328,23.790000915527344,23800
2014-11-18,11.779793739318848,23.709999084472656,23.88999938964844,23.63999938964844,23.88999938964844,31700
2014-11-19,11.769861221313477,23.690000534057617,23.799999237060547,23.68000030517578,23.739999771118164,19600
2014-11-20,11.640685081481934,23.43000030517578,23.76000022888184,23.43000030517578,23.709999084472656,29800
2014-11-21,11.74998664855957,23.649999618530277,23.649999618530277,23.479999542236328,23.479999542236328,22900
2014-11-24,11.774826049804688,23.700000762939453,23.729999542236328,23.489999771118164,23.559999465942383,46800
2014-11-25,11.774826049804688,23.700000762939453,23.739999771118164,23.520000457763672,23.700000762939453,42300
2014-11-26,11.91891098022461,23.989999771118164,24.0,23.700000762939453,23.700000762939453,28100
2014-11-28,12.09279727935791,24.34000015258789,24.399999618530277,23.979999542236328,24.0,24500
2014-12-01,11.91891098022461,23.989999771118164,24.3700008392334,23.989999771118164,24.34000015258789,118500
2014-12-02,11.824511528015137,23.799999237060547,24.11000061035156,23.6299991607666,23.940000534057617,47200
2014-12-03,11.66055679321289,23.46999931335449,23.809999465942383,23.46999931335449,23.799999237060547,37300
2014-12-04,11.635714530944824,23.420000076293945,23.59000015258789,23.26000022888184,23.520000457763672,47200
2014-12-05,11.600939750671388,23.350000381469727,23.600000381469727,23.270000457763672,23.32999992370605,59500
2014-12-08,11.600939750671388,23.350000381469727,23.559999465942383,23.209999084472656,23.479999542236328,57500
2014-12-09,11.481698989868164,23.11000061035156,23.350000381469727,23.100000381469727,23.209999084472656,38700
2014-12-10,11.511512756347656,23.170000076293945,23.34000015258789,23.100000381469727,23.100000381469727,70500
2014-12-11,11.506539344787598,23.15999984741211,23.26000022888184,23.049999237060547,23.07999992370605,44200
2014-12-12,11.496601104736328,23.13999938964844,23.31999969482422,22.86000061035156,23.100000381469727,27200
2014-12-15,11.35252285003662,22.850000381469727,23.34000015258789,22.809999465942383,23.34000015258789,22100
2014-12-16,11.551255226135254,23.25,23.270000457763672,22.770000457763672,22.979999542236328,30300
2014-12-17,11.66552448272705,23.479999542236328,23.530000686645508,23.149999618530277,23.170000076293945,39200
2014-12-18,11.725143432617188,23.600000381469727,23.68000030517578,23.280000686645508,23.600000381469727,39900
2014-12-19,11.998403549194336,24.149999618530277,24.31999969482422,23.399999618530277,23.71999931335449,35000
2014-12-22,11.80960464477539,23.770000457763672,24.25,23.770000457763672,24.25,44400
2014-12-23,11.80960464477539,23.770000457763672,24.18000030517578,23.600000381469727,23.770000457763672,18300
2014-12-24,11.730112075805664,23.61000061035156,23.959999084472656,23.479999542236328,23.86000061035156,28500
2014-12-26,11.849352836608888,23.850000381469727,24.07999992370605,23.440000534057617,23.71999931335449,19000
2014-12-29,11.90897274017334,23.96999931335449,24.200000762939453,23.780000686645508,23.940000534057617,27900
2014-12-30,11.923876762390137,24.0,24.059999465942383,23.809999465942383,24.049999237060547,24600
2014-12-31,11.968591690063477,24.09000015258789,24.149999618530277,23.809999465942383,24.059999465942383,45100
2015-01-02,12.19713306427002,24.549999237060547,24.65999984741211,24.01000022888184,24.07999992370605,38000
2015-01-05,12.122603416442873,24.399999618530277,24.520000457763672,24.1299991607666,24.280000686645508,27200
2015-01-06,12.067959785461426,24.290000915527344,24.399999618530277,24.149999618530277,24.25,42500
2015-01-07,12.107704162597656,24.3700008392334,24.489999771118164,24.1299991607666,24.299999237060547,24300
2015-01-08,12.05802059173584,24.270000457763672,24.530000686645508,24.25,24.489999771118164,24400
2015-01-09,12.17229175567627,24.5,24.51000022888184,24.299999237060547,24.43000030517578,13700
2015-01-12,12.177261352539062,24.51000022888184,24.549999237060547,24.38999938964844,24.5,28500
2015-01-13,12.183307647705078,24.170000076293945,24.239999771118164,23.90999984741211,24.15999984741211,41600
2015-01-14,12.178262710571287,24.15999984741211,24.3700008392334,24.049999237060547,24.059999465942383,18900
2015-01-15,12.20850944519043,24.21999931335449,24.40999984741211,24.1200008392334,24.200000762939453,23000
2015-01-16,12.369812965393066,24.540000915527344,24.549999237060547,24.149999618530277,24.149999618530277,29800
2015-01-20,12.369812965393066,24.540000915527344,24.559999465942383,24.209999084472656,24.549999237060547,33000
2015-01-21,12.420220375061035,24.63999938964844,24.700000762939453,24.489999771118164,24.540000915527344,24000
2015-01-22,12.49582576751709,24.790000915527344,24.8799991607666,24.549999237060547,24.739999771118164,38700
2015-01-23,12.556317329406738,24.90999984741211,24.950000762939453,24.809999465942383,24.8700008392334,29300
2015-01-26,12.581518173217772,24.959999084472656,25.040000915527344,24.850000381469727,24.850000381469727,48600
2015-01-27,12.586560249328612,24.96999931335449,25.0,24.850000381469727,24.950000762939453,42900
2015-01-28,12.62184715270996,25.040000915527344,25.049999237060547,24.809999465942383,24.90999984741211,38300
2015-01-29,12.606722831726074,25.01000022888184,25.020000457763672,24.8799991607666,24.979999542236328,44600
2015-01-30,12.601682662963867,25.0,25.030000686645508,24.850000381469727,24.940000534057617,34800
2015-02-02,12.566396713256836,24.93000030517578,25.049999237060547,24.790000915527344,25.020000457763672,60800
2015-02-03,12.586560249328612,24.96999931335449,25.059999465942383,24.82999992370605,25.01000022888184,25100
2015-02-04,12.556317329406738,24.90999984741211,24.979999542236328,24.8700008392334,24.88999938964844,18100
2015-02-05,12.531119346618652,24.86000061035156,24.96999931335449,24.690000534057617,24.899999618530277,41100
2015-02-06,12.425259590148926,24.649999618530277,24.81999969482422,24.6299991607666,24.76000022888184,29800
2015-02-09,12.415180206298828,24.6299991607666,24.700000762939453,24.399999618530277,24.520000457763672,54400
2015-02-10,12.475666999816896,24.75,24.75,24.549999237060547,24.68000030517578,16500
2015-02-11,12.551275253295898,24.899999618530277,24.899999618530277,24.600000381469727,24.75,67400
2015-02-12,12.591602325439451,24.979999542236328,24.979999542236328,24.76000022888184,24.86000061035156,22300
2015-02-13,12.626888275146484,25.049999237060547,25.049999237060547,24.780000686645508,24.979999542236328,25500
2015-02-17,12.5764799118042,24.950000762939453,25.049999237060547,24.81999969482422,25.030000686645508,28700
2015-02-18,12.505913734436035,24.809999465942383,24.940000534057617,24.549999237060547,24.940000534057617,36300
2015-02-19,12.500871658325195,24.799999237060547,24.899999618530277,24.68000030517578,24.739999771118164,19800
2015-02-20,12.480705261230469,24.76000022888184,25.0,24.709999084472656,24.790000915527344,43200
2015-02-23,12.505913734436035,24.809999465942383,24.84000015258789,24.729999542236328,24.739999771118164,16700
2015-02-24,12.515993118286133,24.82999992370605,24.86000061035156,24.68000030517578,24.850000381469727,61800
2015-02-25,12.480705261230469,24.76000022888184,24.899999618530277,24.700000762939453,24.899999618530277,47000
2015-02-26,12.485747337341309,24.770000457763672,24.82999992370605,24.71999931335449,24.71999931335449,23700
2015-02-27,12.561359405517578,24.920000076293945,24.920000076293945,24.76000022888184,24.84000015258789,32600
2015-03-02,12.581518173217772,24.959999084472656,24.979999542236328,24.899999618530277,24.93000030517578,24200
2015-03-03,12.566396713256836,24.93000030517578,24.959999084472656,24.790000915527344,24.959999084472656,27900
2015-03-04,12.566396713256836,24.93000030517578,24.96999931335449,24.88999938964844,24.950000762939453,18000
2015-03-05,12.556317329406738,24.90999984741211,24.979999542236328,24.739999771118164,24.899999618530277,12400
2015-03-06,12.314363479614258,24.43000030517578,24.82999992370605,24.399999618530277,24.82999992370605,38300
2015-03-09,12.294204711914062,24.38999938964844,24.56999969482422,24.15999984741211,24.450000762939453,40800
2015-03-10,12.37485408782959,24.549999237060547,24.549999237060547,24.25,24.350000381469727,18100
2015-03-11,12.415180206298828,24.6299991607666,24.88999938964844,24.440000534057617,24.46999931335449,42900
2015-03-12,12.41014003753662,24.6200008392334,24.71999931335449,24.559999465942383,24.71999931335449,18100
2015-03-13,12.389974594116213,24.57999992370605,24.690000534057617,24.549999237060547,24.68000030517578,46400
2015-03-16,12.379894256591797,24.559999465942383,24.670000076293945,24.420000076293945,24.600000381469727,28200
2015-03-17,12.329486846923828,24.459999084472656,24.649999618530277,24.38999938964844,24.649999618530277,20500
2015-03-18,12.480705261230469,24.76000022888184,24.799999237060547,24.40999984741211,24.40999984741211,17400
2015-03-19,12.45046043395996,24.700000762939453,24.84000015258789,24.65999984741211,24.729999542236328,20500
2015-03-20,12.526074409484863,24.850000381469727,24.96999931335449,24.63999938964844,24.780000686645508,201900
2015-03-23,12.601682662963867,25.0,25.0,24.799999237060547,24.93000030517578,137400
2015-03-24,12.586560249328612,24.96999931335449,25.0,24.850000381469727,24.899999618530277,33500
2015-03-25,12.571439743041992,24.940000534057617,24.989999771118164,24.8700008392334,24.959999084472656,35800
2015-03-26,12.5764799118042,24.950000762939453,24.950000762939453,24.770000457763672,24.950000762939453,18800
2015-03-27,12.566396713256836,24.93000030517578,24.989999771118164,24.88999938964844,24.920000076293945,20500
2015-03-30,12.591602325439451,24.979999542236328,25.0,24.90999984741211,24.90999984741211,17400
2015-03-31,12.551275253295898,24.899999618530277,25.0,24.81999969482422,24.989999771118164,61100
2015-04-01,12.601682662963867,25.0,25.0,24.920000076293945,24.950000762939453,33800
2015-04-02,12.5764799118042,24.950000762939453,25.06999969482422,24.920000076293945,25.0,56600
2015-04-06,12.480705261230469,24.76000022888184,25.049999237060547,24.76000022888184,24.920000076293945,32700
2015-04-07,12.59664249420166,24.989999771118164,25.01000022888184,24.75,24.75,22700
2015-04-08,12.611763954162598,25.020000457763672,25.07999992370605,24.920000076293945,24.920000076293945,35100
2015-04-09,12.59664249420166,24.989999771118164,25.01000022888184,24.920000076293945,24.959999084472656,53300
2015-04-10,12.626888275146484,25.049999237060547,25.07999992370605,24.950000762939453,24.950000762939453,39400
2015-04-13,12.460545539855955,24.71999931335449,24.76000022888184,24.5,24.5,25900
2015-04-14,12.500871658325195,24.799999237060547,24.84000015258789,24.700000762939453,24.71999931335449,34700
2015-04-15,12.475666999816896,24.75,24.850000381469727,24.700000762939453,24.76000022888184,34100
2015-04-16,12.425259590148926,24.649999618530277,24.850000381469727,24.649999618530277,24.850000381469727,16900
2015-04-17,12.389974594116213,24.57999992370605,24.850000381469727,24.530000686645508,24.600000381469727,55300
2015-04-20,12.405098915100098,24.61000061035156,24.82999992370605,24.559999465942383,24.82999992370605,23200
2015-04-21,12.470630645751951,24.739999771118164,24.799999237060547,24.520000457763672,24.729999542236328,42000
2015-04-22,12.440384864807127,24.68000030517578,24.8799991607666,24.670000076293945,24.850000381469727,40100
2015-04-23,12.470630645751951,24.739999771118164,24.8799991607666,24.709999084472656,24.82999992370605,34400
2015-04-24,12.465582847595217,24.729999542236328,24.88999938964844,24.68000030517578,24.739999771118164,35300
2015-04-27,12.465582847595217,24.729999542236328,24.850000381469727,24.670000076293945,24.700000762939453,21700
2015-04-28,12.490788459777832,24.780000686645508,24.81999969482422,24.65999984741211,24.780000686645508,135700
2015-04-29,12.480705261230469,24.76000022888184,24.799999237060547,24.68000030517578,24.739999771118164,16200
2015-04-30,12.425259590148926,24.649999618530277,24.799999237060547,24.649999618530277,24.700000762939453,26700
2015-05-01,12.37485408782959,24.549999237060547,24.790000915527344,24.549999237060547,24.770000457763672,33700
2015-05-04,12.349651336669922,24.5,24.709999084472656,24.5,24.700000762939453,23900
2015-05-05,12.117777824401855,24.040000915527344,24.61000061035156,24.0,24.61000061035156,27200
2015-05-06,11.739727020263672,23.290000915527344,24.149999618530277,23.209999084472656,24.07999992370605,48900
2015-05-07,12.05224895477295,23.90999984741211,24.040000915527344,23.229999542236328,23.229999542236328,32400
2015-05-08,12.183307647705078,24.170000076293945,24.56999969482422,23.979999542236328,24.13999938964844,23400
2015-05-11,12.05224895477295,23.90999984741211,24.209999084472656,23.790000915527344,24.209999084472656,17700
2015-05-12,12.092578887939451,23.989999771118164,24.209999084472656,23.799999237060547,23.799999237060547,28200
2015-05-13,11.981679916381836,23.770000457763672,24.06999969482422,23.520000457763672,24.059999465942383,41800
2015-05-14,12.08249568939209,23.96999931335449,24.270000457763672,23.8700008392334,23.940000534057617,36800
2015-05-15,12.042166709899902,23.88999938964844,24.100000381469727,23.81999969482422,23.950000762939453,7700
2015-05-18,12.016963958740234,23.84000015258789,23.989999771118164,23.649999618530277,23.940000534057617,45400
2015-05-19,12.132902145385742,24.06999969482422,24.190000534057617,23.709999084472656,23.84000015258789,40700
2015-05-20,12.15810775756836,24.1200008392334,24.229999542236328,23.920000076293945,24.200000762939453,35100
2015-05-21,12.2488374710083,24.299999237060547,24.459999084472656,24.1200008392334,24.1200008392334,28300
2015-05-22,12.258919715881348,24.31999969482422,24.489999771118164,24.07999992370605,24.36000061035156,39600
2015-05-26,12.238757133483888,24.280000686645508,24.440000534057617,23.989999771118164,24.280000686645508,20700
2015-05-27,12.2488374710083,24.299999237060547,24.63999938964844,24.07999992370605,24.280000686645508,15000
2015-05-28,12.279082298278809,24.36000061035156,24.46999931335449,23.959999084472656,24.18000030517578,20200
2015-05-29,12.132902145385742,24.06999969482422,24.489999771118164,24.059999465942383,24.489999771118164,28600
2015-06-01,12.112737655639648,24.030000686645508,24.190000534057617,23.82999992370605,24.15999984741211,18400
2015-06-02,12.102659225463867,24.01000022888184,24.09000015258789,23.84000015258789,24.049999237060547,24100
2015-06-03,12.168185234069824,24.13999938964844,24.15999984741211,23.8700008392334,23.96999931335449,16700
2015-06-04,12.168185234069824,24.13999938964844,24.190000534057617,23.88999938964844,24.040000915527344,20200
2015-06-05,12.142982482910156,24.09000015258789,24.15999984741211,23.8799991607666,24.0,13600
2015-06-08,12.102659225463867,24.01000022888184,24.270000457763672,24.0,24.229999542236328,11900
2015-06-09,12.037124633789062,23.8799991607666,24.09000015258789,23.84000015258789,24.09000015258789,32400
2015-06-10,11.991765022277832,23.790000915527344,23.93000030517578,23.700000762939453,23.920000076293945,10300
2015-06-11,11.951434135437012,23.709999084472656,23.950000762939453,23.56999969482422,23.86000061035156,31400
2015-06-12,11.91111183166504,23.6299991607666,23.780000686645508,23.56999969482422,23.700000762939453,9600
2015-06-15,12.00184440612793,23.809999465942383,23.8700008392334,23.56999969482422,23.739999771118164,14300
2015-06-16,11.966560363769531,23.739999771118164,23.989999771118164,23.670000076293945,23.84000015258789,12000
2015-06-17,11.956475257873535,23.71999931335449,23.959999084472656,23.6299991607666,23.690000534057617,177400
2015-06-18,11.749808311462402,23.309999465942383,23.88999938964844,23.09000015258789,23.82999992370605,59200
2015-06-19,11.870790481567385,23.549999237060547,23.63999938964844,23.350000381469727,23.350000381469727,21700
2015-06-22,11.890951156616213,23.59000015258789,23.989999771118164,23.459999084472656,23.600000381469727,12100
2015-06-23,11.860708236694336,23.530000686645508,23.76000022888184,23.38999938964844,23.51000022888184,29200
2015-06-24,11.83549976348877,23.479999542236328,23.65999984741211,23.40999984741211,23.450000762939453,63600
2015-06-25,11.754850387573242,23.31999969482422,23.56999969482422,23.31999969482422,23.520000457763672,16800
2015-06-26,11.61875057220459,23.049999237060547,23.31999969482422,23.049999237060547,23.299999237060547,48000
2015-06-29,11.553224563598633,22.920000076293945,23.1200008392334,22.75,23.1200008392334,32000
2015-06-30,11.628832817077637,23.06999969482422,23.26000022888184,22.93000030517578,22.93000030517578,39700
2015-07-01,11.79013442993164,23.38999938964844,23.46999931335449,23.13999938964844,23.399999618530277,12900
2015-07-02,11.785096168518066,23.3799991607666,23.549999237060547,23.25,23.549999237060547,77100
2015-07-06,11.780052185058594,23.3700008392334,23.600000381469727,23.239999771118164,23.450000762939453,21900
2015-07-07,11.785096168518066,23.3799991607666,23.56999969482422,23.11000061035156,23.31999969482422,20100
2015-07-08,11.65907859802246,23.1299991607666,23.549999237060547,23.030000686645508,23.450000762939453,19800
2015-07-09,11.820380210876465,23.450000762939453,23.540000915527344,23.190000534057617,23.38999938964844,23400
2015-07-10,11.845582962036133,23.5,23.530000686645508,23.38999938964844,23.38999938964844,23300
2015-07-13,11.83549976348877,23.479999542236328,23.75,23.1299991607666,23.3799991607666,41200
2015-07-14,11.845582962036133,23.5,23.5,23.34000015258789,23.5,32800
2015-07-15,11.84054183959961,23.489999771118164,23.899999618530277,23.450000762939453,23.450000762939453,17900
2015-07-16,11.99680233001709,23.799999237060547,23.8700008392334,23.479999542236328,23.559999465942383,26700
2015-07-17,12.097616195678713,24.0,24.049999237060547,23.65999984741211,23.850000381469727,32100
2015-07-20,12.011920928955078,23.82999992370605,24.049999237060547,23.729999542236328,24.040000915527344,43400
2015-07-21,11.99680233001709,23.799999237060547,24.0,23.76000022888184,23.780000686645508,19300
2015-07-22,12.016963958740234,23.84000015258789,23.96999931335449,23.770000457763672,23.8700008392334,18300
2015-07-23,12.067371368408203,23.940000534057617,23.950000762939453,23.690000534057617,23.84000015258789,143200
2015-07-24,12.193387031555176,24.190000534057617,24.209999084472656,23.76000022888184,23.76000022888184,16800
2015-07-27,12.21859359741211,24.239999771118164,24.25,23.979999542236328,23.979999542236328,8800
2015-07-28,12.274043083190918,24.350000381469727,24.56999969482422,24.149999618530277,24.149999618530277,32600
2015-07-29,12.153064727783203,24.11000061035156,24.38999938964844,24.100000381469727,24.229999542236328,17900
2015-07-30,11.991765022277832,23.790000915527344,24.18000030517578,23.770000457763672,24.18000030517578,69700
2015-07-31,11.94639492034912,23.700000762939453,23.75,23.61000061035156,23.75,82200
2015-08-03,11.885908126831056,23.57999992370605,24.100000381469727,23.489999771118164,23.82999992370605,23300
2015-08-04,11.865745544433594,23.540000915527344,23.65999984741211,23.5,23.520000457763672,11600
2015-08-05,11.880864143371582,23.56999969482422,23.700000762939453,23.3700008392334,23.479999542236328,32200
2015-08-06,11.951434135437012,23.709999084472656,24.0,23.549999237060547,23.549999237060547,23800
2015-08-07,12.011920928955078,23.82999992370605,24.0,23.670000076293945,23.670000076293945,10900
2015-08-10,12.08249568939209,23.96999931335449,23.96999931335449,23.780000686645508,23.780000686645508,12700
2015-08-11,12.077452659606934,23.959999084472656,23.96999931335449,23.780000686645508,23.82999992370605,16000
2015-08-12,12.057287216186523,23.920000076293945,24.01000022888184,23.81999969482422,23.959999084472656,21400
2015-08-13,12.122817993164062,24.049999237060547,24.049999237060547,23.63999938964844,23.82999992370605,32800
2015-08-14,12.122817993164062,24.049999237060547,24.049999237060547,23.84000015258789,23.950000762939453,18700
2015-08-17,12.173229217529297,24.149999618530277,24.190000534057617,23.940000534057617,23.940000534057617,32300
2015-08-18,12.2488374710083,24.299999237060547,24.40999984741211,24.13999938964844,24.149999618530277,23500
2015-08-19,12.233715057373049,24.270000457763672,24.309999465942383,24.049999237060547,24.21999931335449,17100
2015-08-20,12.294204711914062,24.38999938964844,24.450000762939453,24.13999938964844,24.13999938964844,16000
2015-08-21,12.148021697998049,24.100000381469727,24.350000381469727,23.920000076293945,24.350000381469727,17600
2015-08-24,11.759893417358398,23.32999992370605,23.850000381469727,23.09000015258789,23.1299991607666,25700
2015-08-25,11.669159889221191,23.149999618530277,23.8700008392334,23.100000381469727,23.8700008392334,21900
2015-08-26,11.850624084472656,23.51000022888184,23.549999237060547,23.209999084472656,23.209999084472656,12700
2015-08-27,12.163140296936035,24.1299991607666,24.13999938964844,23.32999992370605,23.450000762939453,15700
2015-08-28,12.21355152130127,24.229999542236328,24.229999542236328,23.93000030517578,24.18000030517578,13700
2015-08-31,12.329486846923828,24.459999084472656,24.549999237060547,24.09000015258789,24.09000015258789,24500
2015-09-01,12.324443817138672,24.450000762939453,24.540000915527344,24.170000076293945,24.170000076293945,13600
2015-09-02,12.400060653686523,24.600000381469727,24.780000686645508,24.3799991607666,24.450000762939453,18800
2015-09-03,12.339570999145508,24.479999542236328,24.700000762939453,24.209999084472656,24.51000022888184,16400
2015-09-04,12.400060653686523,24.600000381469727,24.71999931335449,24.299999237060547,24.440000534057617,8800
2015-09-08,12.31940460205078,24.440000534057617,24.739999771118164,24.31999969482422,24.549999237060547,25400
2015-09-09,12.324443817138672,24.450000762939453,24.61000061035156,24.3700008392334,24.43000030517578,10600
2015-09-10,12.274043083190918,24.350000381469727,24.5,24.309999465942383,24.5,17800
2015-09-11,12.062331199645996,23.93000030517578,24.420000076293945,23.770000457763672,24.31999969482422,31100
2015-09-14,11.931273460388184,23.670000076293945,24.100000381469727,23.600000381469727,23.809999465942383,12000
2015-09-15,11.880864143371582,23.56999969482422,23.88999938964844,23.559999465942383,23.59000015258789,16900
2015-09-16,11.729649543762209,23.270000457763672,23.75,23.01000022888184,23.56999969482422,10100
2015-09-17,11.855664253234863,23.520000457763672,23.86000061035156,23.200000762939453,23.270000457763672,17800
2015-09-18,11.865745544433594,23.540000915527344,23.84000015258789,23.270000457763672,23.280000686645508,25000
2015-09-21,12.112737655639648,24.030000686645508,24.030000686645508,23.3700008392334,23.440000534057617,22500
2015-09-22,12.238757133483888,24.280000686645508,24.3700008392334,23.709999084472656,23.709999084472656,15100
2015-09-23,12.294204711914062,24.38999938964844,24.440000534057617,24.350000381469727,24.3799991607666,20100
2015-09-24,12.304283142089844,24.40999984741211,24.46999931335449,24.149999618530277,24.209999084472656,18500
2015-09-25,12.329486846923828,24.459999084472656,24.530000686645508,24.299999237060547,24.299999237060547,20500
2015-09-28,12.31940460205078,24.440000534057617,24.51000022888184,24.07999992370605,24.51000022888184,17900
2015-09-29,12.364775657653809,24.530000686645508,24.670000076293945,24.34000015258789,24.34000015258789,35200
2015-09-30,12.364775657653809,24.530000686645508,24.739999771118164,24.520000457763672,24.520000457763672,23600
2015-10-01,12.405098915100098,24.61000061035156,24.63999938964844,24.43000030517578,24.520000457763672,19500
2015-10-02,12.21859359741211,24.239999771118164,24.59000015258789,24.229999542236328,24.51000022888184,36100
2015-10-05,12.405098915100098,24.61000061035156,24.690000534057617,24.229999542236328,24.270000457763672,21600
2015-10-06,12.45550537109375,24.709999084472656,24.770000457763672,24.530000686645508,24.61000061035156,21400
2015-10-07,12.505913734436035,24.809999465942383,24.81999969482422,24.709999084472656,24.709999084472656,13600
2015-10-08,12.571439743041992,24.940000534057617,24.950000762939453,24.739999771118164,24.739999771118164,17100
2015-10-09,12.561359405517578,24.920000076293945,24.96999931335449,24.850000381469727,24.88999938964844,17700
2015-10-12,12.591602325439451,24.979999542236328,24.979999542236328,24.700000762939453,24.920000076293945,22700
2015-10-13,12.45046043395996,24.700000762939453,24.700000762939453,24.479999542236328,24.700000762939453,17700
2015-10-14,12.440384864807127,24.68000030517578,24.729999542236328,24.56999969482422,24.59000015258789,14900
2015-10-15,12.45046043395996,24.700000762939453,24.780000686645508,24.649999618530277,24.780000686645508,30600
2015-10-16,12.470630645751951,24.739999771118164,24.799999237060547,24.6299991607666,24.670000076293945,38900
2015-10-19,12.43030071258545,24.65999984741211,24.700000762939453,24.6299991607666,24.65999984741211,15700
2015-10-20,12.415180206298828,24.6299991607666,24.649999618530277,24.299999237060547,24.649999618530277,28200
2015-10-21,12.440384864807127,24.68000030517578,24.790000915527344,24.57999992370605,24.59000015258789,52100
2015-10-22,12.44542121887207,24.690000534057617,24.76000022888184,24.520000457763672,24.71999931335449,56000
2015-10-23,12.45046043395996,24.700000762939453,24.75,24.649999618530277,24.75,14700
2015-10-26,12.435338020324709,24.670000076293945,24.700000762939453,24.61000061035156,24.6299991607666,18500
2015-10-27,12.43030071258545,24.65999984741211,24.690000534057617,24.540000915527344,24.6200008392334,22400
2015-10-28,12.425259590148926,24.649999618530277,24.649999618530277,24.6200008392334,24.6299991607666,17400
2015-10-29,12.44542121887207,24.690000534057617,24.700000762939453,24.540000915527344,24.61000061035156,60600
2015-10-30,12.44542121887207,24.690000534057617,24.690000534057617,24.540000915527344,24.68000030517578,24400
2015-11-02,12.465582847595217,24.729999542236328,24.770000457763672,24.670000076293945,24.700000762939453,30800
2015-11-03,12.480705261230469,24.76000022888184,24.76000022888184,24.68000030517578,24.709999084472656,25100
2015-11-04,12.470630645751951,24.739999771118164,24.75,24.670000076293945,24.75,35700
2015-11-05,12.45046043395996,24.700000762939453,24.75,24.690000534057617,24.690000534057617,20400
2015-11-06,12.425259590148926,24.649999618530277,24.700000762939453,24.530000686645508,24.700000762939453,33400
2015-11-09,12.369812965393066,24.540000915527344,24.65999984741211,24.520000457763672,24.65999984741211,53700
2015-11-10,12.384937286376951,24.56999969482422,24.63999938964844,24.46999931335449,24.51000022888184,28700
2015-11-11,12.349651336669922,24.5,24.549999237060547,24.040000915527344,24.479999542236328,30200
2015-11-12,12.349651336669922,24.5,24.5,24.459999084472656,24.489999771118164,18000
2015-11-13,12.400060653686523,24.600000381469727,24.729999542236328,24.3700008392334,24.420000076293945,22700
2015-11-16,12.395017623901367,24.59000015258789,24.6200008392334,24.51000022888184,24.600000381469727,16400
2015-11-17,12.344608306884766,24.489999771118164,24.57999992370605,24.489999771118164,24.520000457763672,29800
2015-11-18,12.339570999145508,24.479999542236328,24.520000457763672,24.38999938964844,24.440000534057617,33800
2015-11-19,12.349651336669922,24.5,24.540000915527344,24.38999938964844,24.43000030517578,36200
2015-11-20,12.400060653686523,24.600000381469727,24.6299991607666,24.38999938964844,24.38999938964844,42900
2015-11-23,12.389974594116213,24.57999992370605,24.670000076293945,24.5,24.649999618530277,40600
2015-11-24,12.45550537109375,24.709999084472656,24.709999084472656,24.420000076293945,24.549999237060547,40700
2015-11-25,12.45550537109375,24.709999084472656,24.709999084472656,24.61000061035156,24.700000762939453,29800
2015-11-27,12.435338020324709,24.670000076293945,24.709999084472656,24.600000381469727,24.600000381469727,14600
2015-11-30,12.400060653686523,24.600000381469727,24.709999084472656,24.600000381469727,24.709999084472656,25400
2015-12-01,12.405098915100098,24.61000061035156,24.68000030517578,24.5,24.56999969482422,26400
2015-12-02,12.395017623901367,24.59000015258789,24.6200008392334,24.51000022888184,24.559999465942383,28000
2015-12-03,12.379894256591797,24.559999465942383,24.61000061035156,24.350000381469727,24.559999465942383,36100
2015-12-04,12.420220375061035,24.63999938964844,24.649999618530277,24.420000076293945,24.59000015258789,32600
2015-12-07,12.415180206298828,24.6299991607666,24.649999618530277,24.459999084472656,24.63999938964844,33100
2015-12-08,12.415180206298828,24.6299991607666,24.6299991607666,24.350000381469727,24.530000686645508,11200
2015-12-09,12.425259590148926,24.649999618530277,24.68000030517578,24.489999771118164,24.5,21100
2015-12-10,12.435338020324709,24.670000076293945,24.700000762939453,24.63999938964844,24.649999618530277,38000
2015-12-11,12.339570999145508,24.479999542236328,24.700000762939453,24.38999938964844,24.6299991607666,36300
2015-12-14,11.825421333312988,23.459999084472656,24.459999084472656,23.43000030517578,24.459999084472656,27400
2015-12-15,12.097616195678713,24.0,24.229999542236328,23.13999938964844,23.459999084472656,21500
2015-12-16,12.2488374710083,24.299999237060547,24.299999237060547,23.81999969482422,23.81999969482422,15100
2015-12-17,12.304283142089844,24.40999984741211,24.600000381469727,24.06999969482422,24.06999969482422,47600
2015-12-18,12.329486846923828,24.459999084472656,24.59000015258789,24.36000061035156,24.36000061035156,43700
2015-12-21,12.470630645751951,24.739999771118164,24.75,24.479999542236328,24.479999542236328,28000
2015-12-22,12.551275253295898,24.899999618530277,24.93000030517578,24.65999984741211,24.690000534057617,19500
2015-12-23,12.59664249420166,24.989999771118164,25.0,24.780000686645508,24.88999938964844,26300
2015-12-24,12.606722831726074,25.01000022888184,25.01000022888184,24.920000076293945,24.920000076293945,12300
2015-12-28,12.636967658996582,25.06999969482422,25.07999992370605,24.899999618530277,24.899999618530277,27300
2015-12-29,12.692415237426758,25.18000030517578,25.18000030517578,24.96999931335449,25.049999237060547,30100
2015-12-30,12.737784385681152,25.270000457763672,25.36000061035156,24.989999771118164,25.11000061035156,19200
2015-12-31,12.793230056762695,25.3799991607666,25.3799991607666,25.149999618530277,25.18000030517578,13000
2016-01-04,12.798270225524902,25.38999938964844,25.38999938964844,25.049999237060547,25.1299991607666,34000
2016-01-05,12.823472023010254,25.440000534057617,25.530000686645508,25.290000915527344,25.309999465942383,56200
2016-01-06,12.768028259277344,25.32999992370605,25.3799991607666,25.07999992370605,25.07999992370605,30200
2016-01-07,12.75290584564209,25.299999237060547,25.32999992370605,25.06999969482422,25.15999984741211,10100
2016-01-08,12.75290584564209,25.299999237060547,25.3700008392334,25.21999931335449,25.270000457763672,13400
2016-01-11,12.68233871459961,25.15999984741211,25.290000915527344,25.040000915527344,25.190000534057617,9400
2016-01-12,12.707536697387695,25.209999084472656,25.299999237060547,24.90999984741211,25.239999771118164,19400
2016-01-13,12.698339462280272,24.84000015258789,24.989999771118164,24.649999618530277,24.88999938964844,20300
2016-01-14,12.652328491210938,24.75,24.950000762939453,24.75,24.899999618530277,37100
2016-01-15,12.79035186767578,25.020000457763672,25.020000457763672,24.5,24.600000381469727,18600
2016-01-19,12.621652603149414,24.690000534057617,25.020000457763672,24.649999618530277,24.989999771118164,12600
2016-01-20,12.478517532348633,24.40999984741211,24.8799991607666,24.06999969482422,24.649999618530277,17700
2016-01-21,12.734121322631836,24.90999984741211,25.049999237060547,23.8799991607666,24.57999992370605,35700
2016-01-22,12.759676933288574,24.959999084472656,25.01000022888184,24.81999969482422,25.01000022888184,33500
2016-01-25,12.529638290405272,24.51000022888184,24.989999771118164,24.46999931335449,24.989999771118164,24800
2016-01-26,12.621652603149414,24.690000534057617,25.01000022888184,24.540000915527344,24.540000915527344,33200
2016-01-27,12.606319427490234,24.65999984741211,24.86000061035156,24.46999931335449,24.65999984741211,15000
2016-01-28,12.72900676727295,24.899999618530277,24.899999618530277,24.450000762939453,24.739999771118164,24900
2016-01-29,12.744343757629396,24.93000030517578,25.09000015258789,24.56999969482422,24.899999618530277,29200
2016-02-01,12.693222999572754,24.82999992370605,25.07999992370605,24.75,25.0,29500
2016-02-02,12.775019645690918,24.989999771118164,24.989999771118164,24.790000915527344,24.799999237060547,15700
2016-02-03,12.810800552368164,25.059999465942383,25.09000015258789,24.8799991607666,25.030000686645508,18000
2016-02-04,12.805686950683594,25.049999237060547,25.1200008392334,25.040000915527344,25.049999237060547,97800
2016-02-05,12.769905090332031,24.979999542236328,25.059999465942383,24.76000022888184,25.01000022888184,9000
2016-02-08,12.478517532348633,24.40999984741211,24.82999992370605,24.270000457763672,24.82999992370605,19500
2016-02-09,12.452960014343262,24.36000061035156,24.420000076293945,23.31999969482422,24.40999984741211,23000
2016-02-10,11.911076545715332,23.299999237060547,24.21999931335449,23.13999938964844,24.21999931335449,57800
2016-02-11,11.589021682739258,22.670000076293945,23.100000381469727,22.030000686645508,22.88999938964844,53500
2016-02-12,11.686148643493652,22.86000061035156,23.309999465942383,22.76000022888184,22.93000030517578,22400
2016-02-16,12.054217338562012,23.57999992370605,23.799999237060547,22.899999618530277,22.989999771118164,40400
2016-02-17,12.1666841506958,23.799999237060547,23.93000030517578,23.65999984741211,23.68000030517578,39200
2016-02-18,12.54497241973877,24.540000915527344,24.71999931335449,23.5,23.8799991607666,32400
2016-02-19,12.657437324523926,24.76000022888184,25.020000457763672,24.3799991607666,24.399999618530277,45800
2016-02-22,12.662550926208496,24.770000457763672,25.06999969482422,24.649999618530277,25.040000915527344,25200
2016-02-23,12.575647354125977,24.600000381469727,24.770000457763672,24.399999618530277,24.770000457763672,46600
2016-02-24,12.657437324523926,24.76000022888184,24.799999237060547,24.190000534057617,24.40999984741211,26200
2016-02-25,12.642104148864746,24.729999542236328,25.1299991607666,24.479999542236328,24.6200008392334,30200
2016-02-26,12.66766357421875,24.780000686645508,24.780000686645508,24.649999618530277,24.68000030517578,21100
2016-02-29,12.555198669433594,24.559999465942383,25.1200008392334,24.559999465942383,24.670000076293945,51100
2016-03-01,12.683003425598145,24.809999465942383,25.170000076293945,24.61000061035156,24.82999992370605,42000
2016-03-02,12.785240173339844,25.01000022888184,25.07999992370605,24.38999938964844,24.71999931335449,42600
2016-03-03,12.867032051086426,25.170000076293945,25.32999992370605,24.75,24.96999931335449,50300
2016-03-04,12.82102870941162,25.07999992370605,25.25,24.809999465942383,25.1200008392334,50900
2016-03-07,12.759676933288574,24.959999084472656,24.979999542236328,24.6200008392334,24.920000076293945,34300
2016-03-08,12.79035186767578,25.020000457763672,25.100000381469727,24.88999938964844,24.959999084472656,57500
2016-03-09,12.805686950683594,25.049999237060547,25.100000381469727,24.979999542236328,24.979999542236328,50100
2016-03-10,12.887481689453123,25.209999084472656,25.34000015258789,25.059999465942383,25.059999465942383,14500
2016-03-11,12.89259147644043,25.21999931335449,25.36000061035156,25.059999465942383,25.170000076293945,27000
2016-03-14,12.89259147644043,25.21999931335449,25.21999931335449,25.07999992370605,25.149999618530277,12600
2016-03-15,12.89259147644043,25.21999931335449,25.21999931335449,25.09000015258789,25.1299991607666,16000
2016-03-16,12.85169792175293,25.13999938964844,25.190000534057617,25.06999969482422,25.15999984741211,27600
2016-03-17,12.83124828338623,25.100000381469727,25.1200008392334,25.049999237060547,25.06999969482422,26300
2016-03-18,12.764792442321776,24.96999931335449,25.09000015258789,24.96999931335449,25.059999465942383,21400
2016-03-21,12.872145652770996,25.18000030517578,25.229999542236328,24.809999465942383,24.86000061035156,13000
2016-03-22,12.907931327819824,25.25,25.34000015258789,25.020000457763672,25.020000457763672,15400
2016-03-23,12.85169792175293,25.13999938964844,25.25,24.93000030517578,25.25,13800
2016-03-24,12.85169792175293,25.13999938964844,25.15999984741211,25.040000915527344,25.07999992370605,23900
2016-03-28,12.856809616088867,25.149999618530277,25.170000076293945,25.020000457763672,25.13999938964844,17300
2016-03-29,12.882369995117188,25.200000762939453,25.200000762939453,25.059999465942383,25.059999465942383,25100
2016-03-30,12.882369995117188,25.200000762939453,25.200000762939453,25.100000381469727,25.200000762939453,25300
2016-03-31,12.79035186767578,25.020000457763672,25.25,25.020000457763672,25.1299991607666,27100
2016-04-01,12.749457359313965,24.940000534057617,25.100000381469727,24.90999984741211,25.0,23300
2016-04-04,12.754566192626951,24.950000762939453,24.989999771118164,24.489999771118164,24.989999771118164,37000
2016-04-05,12.82102870941162,25.07999992370605,25.21999931335449,24.670000076293945,24.899999618530277,18000
2016-04-06,12.933489799499512,25.299999237060547,25.36000061035156,24.989999771118164,25.13999938964844,27500
2016-04-07,12.913044929504396,25.26000022888184,25.270000457763672,24.920000076293945,25.149999618530277,11300
2016-04-08,12.933489799499512,25.299999237060547,25.31999969482422,25.1299991607666,25.25,12700
2016-04-11,12.96927547454834,25.3700008392334,25.61000061035156,25.280000686645508,25.36000061035156,36800
2016-04-12,13.020393371582031,25.46999931335449,25.5,25.31999969482422,25.31999969482422,20300
2016-04-13,13.047348976135254,25.170000076293945,25.270000457763672,25.11000061035156,25.13999938964844,66900
2016-04-14,12.979963302612305,25.040000915527344,25.15999984741211,25.0,25.1200008392334,22100
2016-04-15,12.922940254211426,24.93000030517578,25.399999618530277,24.93000030517578,25.040000915527344,65500
2016-04-18,12.82445240020752,24.739999771118164,25.049999237060547,24.559999465942383,24.93000030517578,25500
2016-04-19,13.05771827697754,25.190000534057617,25.190000534057617,24.780000686645508,24.780000686645508,38400
2016-04-20,12.948861122131348,24.979999542236328,25.190000534057617,24.8799991607666,25.190000534057617,23500
2016-04-21,12.891839981079102,24.8700008392334,25.149999618530277,24.81999969482422,24.950000762939453,33600
2016-04-22,12.964409828186035,25.01000022888184,25.06999969482422,24.75,24.75,28600
2016-04-25,13.016250610351562,25.11000061035156,25.15999984741211,25.0,25.0,21100
2016-04-26,13.114737510681152,25.299999237060547,25.31999969482422,25.100000381469727,25.1200008392334,23100
2016-04-27,13.156207084655762,25.3799991607666,25.450000762939453,25.200000762939453,25.209999084472656,21500
2016-04-28,13.15102481842041,25.3700008392334,25.399999618530277,25.25,25.270000457763672,20400
2016-04-29,13.088821411132812,25.25,25.350000381469727,25.11000061035156,25.280000686645508,30200
2016-05-02,13.140653610229492,25.350000381469727,25.350000381469727,25.170000076293945,25.290000915527344,23400
2016-05-03,13.12510871887207,25.31999969482422,25.350000381469727,25.1200008392334,25.26000022888184,26300
2016-05-04,13.11992359161377,25.309999465942383,25.309999465942383,25.200000762939453,25.229999542236328,7700
2016-05-05,13.130287170410156,25.32999992370605,25.34000015258789,25.270000457763672,25.270000457763672,15700
2016-05-06,13.15102481842041,25.3700008392334,25.450000762939453,25.239999771118164,25.239999771118164,15500
2016-05-09,13.114737510681152,25.299999237060547,25.36000061035156,25.239999771118164,25.270000457763672,11700
2016-05-10,13.099187850952148,25.270000457763672,25.350000381469727,25.209999084472656,25.21999931335449,18500
2016-05-11,13.145840644836426,25.36000061035156,25.3700008392334,25.209999084472656,25.209999084472656,10100
2016-05-12,13.130287170410156,25.32999992370605,25.3700008392334,25.270000457763672,25.280000686645508,22100
2016-05-13,13.166574478149414,25.399999618530277,25.65999984741211,25.299999237060547,25.299999237060547,19100
2016-05-16,13.171757698059082,25.40999984741211,25.68000030517578,25.36000061035156,25.3700008392334,16800
2016-05-17,13.20804214477539,25.479999542236328,25.489999771118164,25.350000381469727,25.36000061035156,26100
2016-05-18,13.156207084655762,25.3799991607666,25.59000015258789,25.350000381469727,25.3700008392334,22300
2016-05-19,13.135478973388672,25.34000015258789,25.3799991607666,25.15999984741211,25.350000381469727,42200
2016-05-20,13.09400463104248,25.26000022888184,25.420000076293945,25.15999984741211,25.3799991607666,19000
2016-05-23,13.202858924865724,25.46999931335449,25.46999931335449,25.280000686645508,25.280000686645508,12500
2016-05-24,13.166574478149414,25.399999618530277,25.479999542236328,25.25,25.46999931335449,27500
2016-05-25,13.213224411010742,25.489999771118164,25.57999992370605,25.25,25.38999938964844,31400
2016-05-26,13.192493438720703,25.450000762939453,25.56999969482422,25.25,25.450000762939453,38000
2016-05-27,13.130287170410156,25.32999992370605,25.51000022888184,25.26000022888184,25.3700008392334,28100
2016-05-31,13.202858924865724,25.46999931335449,25.530000686645508,25.290000915527344,25.290000915527344,29100
2016-06-01,13.218412399291992,25.5,25.5,25.280000686645508,25.479999542236328,12600
2016-06-02,13.342823028564451,25.739999771118164,25.75,25.290000915527344,25.5,22600
2016-06-03,13.379107475280762,25.809999465942383,25.81999969482422,25.51000022888184,25.559999465942383,42200
2016-06-06,13.384286880493164,25.81999969482422,25.959999084472656,25.600000381469727,25.670000076293945,17700
2016-06-07,13.358368873596191,25.770000457763672,25.86000061035156,25.43000030517578,25.739999771118164,17500
2016-06-08,13.373921394348145,25.799999237060547,25.82999992370605,25.600000381469727,25.600000381469727,17600
2016-06-09,13.1769380569458,25.420000076293945,25.799999237060547,25.209999084472656,25.649999618530277,32100
2016-06-10,13.202858924865724,25.46999931335449,25.549999237060547,25.26000022888184,25.299999237060547,12000
2016-06-13,13.280617713928224,25.6200008392334,25.739999771118164,25.36000061035156,25.559999465942383,8000
2016-06-14,13.316902160644531,25.690000534057617,25.770000457763672,25.299999237060547,25.540000915527344,13200
2016-06-15,13.3272705078125,25.709999084472656,25.81999969482422,25.46999931335449,25.690000534057617,10600
2016-06-16,13.384286880493164,25.81999969482422,25.850000381469727,25.420000076293945,25.479999542236328,11500
2016-06-17,13.41020679473877,25.8700008392334,25.8700008392334,25.690000534057617,25.71999931335449,13500
2016-06-20,13.44131088256836,25.93000030517578,25.93000030517578,25.709999084472656,25.780000686645508,33700
2016-06-21,13.446492195129396,25.940000534057617,25.950000762939453,25.709999084472656,25.82999992370605,36300
2016-06-22,13.436127662658691,25.920000076293945,25.950000762939453,25.76000022888184,25.950000762939453,14400
2016-06-23,13.49315071105957,26.030000686645508,26.030000686645508,25.84000015258789,25.84000015258789,29200
2016-06-24,13.446492195129396,25.940000534057617,26.34000015258789,25.57999992370605,25.57999992370605,18900
2016-06-27,13.348003387451172,25.75,26.0,25.32999992370605,25.649999618530277,19600
2016-06-28,13.306536674499512,25.670000076293945,26.0,25.6299991607666,25.68000030517578,19900
2016-06-29,13.187311172485352,25.440000534057617,26.06999969482422,25.3799991607666,25.670000076293945,38600
2016-06-30,13.22359561920166,25.51000022888184,25.68000030517578,25.450000762939453,25.520000457763672,32100
2016-07-01,13.09400463104248,25.26000022888184,25.950000762939453,24.729999542236328,25.200000762939453,22700
2016-07-05,13.099187850952148,25.270000457763672,25.36000061035156,25.040000915527344,25.36000061035156,17700
2016-07-06,13.068085670471191,25.209999084472656,25.350000381469727,25.1299991607666,25.149999618530277,19600
2016-07-07,13.218412399291992,25.5,25.51000022888184,25.200000762939453,25.200000762939453,15400
2016-07-08,13.363554000854492,25.780000686645508,25.8799991607666,25.36000061035156,25.36000061035156,10900
2016-07-11,13.290986061096191,25.63999938964844,25.780000686645508,25.420000076293945,25.420000076293945,18500
2016-07-12,13.348003387451172,25.75,25.8799991607666,25.649999618530277,25.649999618530277,24600
2016-07-13,13.406866073608398,25.51000022888184,25.88999938964844,25.440000534057617,25.670000076293945,15000
2016-07-14,13.485697746276855,25.65999984741211,25.700000762939453,25.38999938964844,25.46999931335449,24100
2016-07-15,13.53299617767334,25.75,25.8700008392334,25.38999938964844,25.43000030517578,32800
2016-07-18,13.52774429321289,25.739999771118164,25.81999969482422,25.600000381469727,25.6200008392334,14000
2016-07-19,13.454166412353516,25.600000381469727,25.770000457763672,25.479999542236328,25.600000381469727,16100
2016-07-20,13.480443000793455,25.649999618530277,25.739999771118164,25.489999771118164,25.5,11900
2016-07-21,13.52774429321289,25.739999771118164,25.790000915527344,25.459999084472656,25.459999084472656,13800
2016-07-22,13.52774429321289,25.739999771118164,25.82999992370605,25.520000457763672,25.670000076293945,15200
2016-07-25,13.401611328125,25.5,25.63999938964844,25.350000381469727,25.51000022888184,29800
2016-07-26,13.37533473968506,25.450000762939453,25.75,25.440000534057617,25.440000534057617,21300
2016-07-27,13.454166412353516,25.600000381469727,25.75,25.420000076293945,25.420000076293945,12000
2016-07-28,13.496212005615234,25.68000030517578,25.81999969482422,25.479999542236328,25.479999542236328,14500
2016-07-29,13.485697746276855,25.65999984741211,25.82999992370605,25.56999969482422,25.56999969482422,20900
2016-08-01,13.580297470092772,25.84000015258789,25.850000381469727,25.350000381469727,25.84000015258789,17100
2016-08-02,13.575042724609377,25.82999992370605,25.850000381469727,25.57999992370605,25.57999992370605,9200
2016-08-03,13.653873443603516,25.979999542236328,25.979999542236328,25.600000381469727,25.84000015258789,30600
2016-08-04,13.448909759521484,25.59000015258789,25.96999931335449,25.399999618530277,25.65999984741211,30600
2016-08-05,13.35430908203125,25.40999984741211,25.68000030517578,25.309999465942383,25.56999969482422,24400
2016-08-08,13.43314266204834,25.559999465942383,25.88999938964844,25.270000457763672,25.350000381469727,30100
2016-08-09,13.401611328125,25.5,25.979999542236328,25.459999084472656,25.46999931335449,55200
2016-08-10,13.32803440093994,25.36000061035156,25.549999237060547,25.15999984741211,25.459999084472656,24200
2016-08-11,13.37533473968506,25.450000762939453,25.520000457763672,25.290000915527344,25.290000915527344,22400
2016-08-12,13.33328914642334,25.3700008392334,25.59000015258789,25.200000762939453,25.34000015258789,34000
2016-08-15,13.401611328125,25.5,25.57999992370605,25.280000686645508,25.280000686645508,12800
2016-08-16,13.443655967712402,25.57999992370605,25.57999992370605,25.350000381469727,25.350000381469727,14100
2016-08-17,13.653873443603516,25.979999542236328,25.979999542236328,25.46999931335449,25.799999237060547,29900
2016-08-18,13.490954399108888,25.670000076293945,26.520000457763672,25.670000076293945,25.8700008392334,24500
2016-08-19,13.412117958068848,25.520000457763672,25.850000381469727,25.5,25.540000915527344,22200
2016-08-22,13.569783210754396,25.81999969482422,25.84000015258789,25.549999237060547,25.56999969482422,14900
2016-08-23,13.496212005615234,25.68000030517578,25.950000762939453,25.600000381469727,25.68000030517578,13200
2016-08-24,13.496212005615234,25.68000030517578,25.850000381469727,25.600000381469727,25.600000381469727,8600
2016-08-25,13.638110160827637,25.950000762939453,25.950000762939453,25.6200008392334,25.6200008392334,14700
2016-08-26,13.75373649597168,26.170000076293945,26.170000076293945,25.6299991607666,25.790000915527344,7400
2016-08-29,13.622344970703123,25.920000076293945,26.15999984741211,25.8799991607666,26.15999984741211,8800
2016-08-30,13.585556983947754,25.850000381469727,26.1299991607666,25.68000030517578,25.68000030517578,9300
2016-08-31,13.653873443603516,25.979999542236328,26.290000915527344,25.76000022888184,25.799999237060547,26300
2016-09-01,13.622344970703123,25.920000076293945,26.15999984741211,25.299999237060547,25.81999969482422,17000
2016-09-02,13.554021835327148,25.790000915527344,26.149999618530277,25.5,26.149999618530277,11900
2016-09-06,13.490954399108888,25.670000076293945,25.979999542236328,25.450000762939453,25.690000534057617,18400
2016-09-07,13.585556983947754,25.850000381469727,26.200000762939453,25.559999465942383,25.56999969482422,17100
2016-09-08,13.664389610290527,26.0,26.100000381469727,25.75,25.950000762939453,9300
2016-09-09,13.46467399597168,25.6200008392334,25.940000534057617,25.59000015258789,25.940000534057617,5000
2016-09-12,13.569783210754396,25.81999969482422,25.979999542236328,25.5,25.549999237060547,11000
2016-09-13,13.33328914642334,25.3700008392334,25.989999771118164,25.3700008392334,25.549999237060547,6200
2016-09-14,13.52248764038086,25.729999542236328,25.770000457763672,25.350000381469727,25.5,16500
2016-09-15,13.485697746276855,25.65999984741211,25.670000076293945,25.36000061035156,25.36000061035156,10400
2016-09-16,13.34380054473877,25.38999938964844,25.989999771118164,25.38999938964844,25.559999465942383,19100
2016-09-19,13.590812683105469,25.86000061035156,26.25,25.38999938964844,25.479999542236328,17900
2016-09-20,13.743218421936035,26.149999618530277,26.36000061035156,25.6200008392334,25.989999771118164,22000
2016-09-21,13.701175689697266,26.06999969482422,26.200000762939453,26.01000022888184,26.149999618530277,16400
2016-09-22,13.769498825073242,26.200000762939453,26.36000061035156,26.049999237060547,26.200000762939453,17200
2016-09-23,13.832563400268556,26.31999969482422,26.36000061035156,26.09000015258789,26.100000381469727,6900
2016-09-26,13.69591999053955,26.059999465942383,28.65999984741211,26.01000022888184,26.200000762939453,17400
2016-09-27,13.622344970703123,25.920000076293945,27.1299991607666,25.75,27.1299991607666,29000
2016-09-28,13.59606647491455,25.8700008392334,26.200000762939453,25.200000762939453,25.200000762939453,11300
2016-09-29,13.52248764038086,25.729999542236328,26.940000534057617,25.6200008392334,25.6200008392334,13800
2016-09-30,13.35430908203125,25.40999984741211,25.86000061035156,25.399999618530277,25.600000381469727,18000
2016-10-03,13.459425926208496,25.61000061035156,25.780000686645508,25.40999984741211,25.489999771118164,11600
2016-10-04,13.41737937927246,25.530000686645508,25.899999618530277,25.51000022888184,25.51000022888184,12900
2016-10-05,13.438399314880373,25.56999969482422,26.6200008392334,25.56999969482422,25.56999969482422,10800
2016-10-06,13.317523002624512,25.34000015258789,25.799999237060547,25.309999465942383,25.56999969482422,14000
2016-10-07,13.34380054473877,25.38999938964844,25.76000022888184,25.309999465942383,25.3799991607666,9200
2016-10-10,13.32803440093994,25.36000061035156,25.399999618530277,25.049999237060547,25.3700008392334,19200
2016-10-11,13.165111541748049,25.049999237060547,25.270000457763672,25.01000022888184,25.149999618530277,10100
2016-10-12,13.326092720031738,25.0,25.229999542236328,23.049999237060547,24.90999984741211,36400
2016-10-13,13.262124061584473,24.8799991607666,24.90999984741211,24.5,24.68000030517578,30600
2016-10-14,13.320759773254396,24.989999771118164,25.239999771118164,24.899999618530277,24.899999618530277,9300
2016-10-17,13.395384788513184,25.1299991607666,25.200000762939453,25.020000457763672,25.18000030517578,6300
2016-10-18,13.859135627746582,26.0,26.020000457763672,24.979999542236328,25.09000015258789,21100
2016-10-19,13.645919799804688,25.600000381469727,26.280000686645508,25.459999084472656,25.5,12100
2016-10-20,13.581955909729004,25.479999542236328,25.809999465942383,25.399999618530277,25.399999618530277,6200
2016-10-21,14.077679634094238,26.40999984741211,26.459999084472656,25.399999618530277,25.399999618530277,27800
2016-10-24,13.603271484375,25.520000457763672,26.5,25.3799991607666,26.34000015258789,20500
2016-10-25,13.672571182250977,25.649999618530277,26.01000022888184,25.15999984741211,25.399999618530277,17100
2016-10-26,13.603271484375,25.520000457763672,25.649999618530277,25.420000076293945,25.489999771118164,7700
2016-10-27,13.400715827941896,25.13999938964844,25.479999542236328,25.1200008392334,25.459999084472656,12300
2016-10-28,13.272786140441896,24.899999618530277,25.290000915527344,24.899999618530277,25.149999618530277,15900
2016-10-31,13.272786140441896,24.899999618530277,25.229999542236328,24.899999618530277,24.959999084472656,23000
2016-11-01,13.192831993103027,24.75,25.270000457763672,24.549999237060547,25.26000022888184,19500
2016-11-02,13.182170867919922,24.729999542236328,25.0,24.489999771118164,24.670000076293945,26900
2016-11-03,13.086223602294922,24.549999237060547,25.13999938964844,24.520000457763672,24.649999618530277,23800
2016-11-04,13.160846710205078,24.690000534057617,25.18000030517578,24.57999992370605,24.57999992370605,9100
2016-11-07,13.336751937866213,25.020000457763672,25.26000022888184,25.0,25.0,10000
2016-11-08,13.416705131530762,25.170000076293945,25.25,25.0,25.0,5300
2016-11-09,13.059569358825684,24.5,25.11000061035156,24.170000076293945,24.489999771118164,54000
2016-11-10,12.16405200958252,22.81999969482422,24.809999465942383,22.530000686645508,24.56999969482422,26200
2016-11-11,12.819697380065918,24.049999237060547,24.299999237060547,23.0,23.0,25500
2016-11-14,12.132072448730469,22.76000022888184,24.200000762939453,22.100000381469727,24.200000762939453,36500
2016-11-15,12.212024688720703,22.90999984741211,23.850000381469727,22.13999938964844,22.51000022888184,16300
2016-11-16,12.739744186401367,23.899999618530277,24.65999984741211,22.86000061035156,23.32999992370605,20600
2016-11-17,12.65978717803955,23.75,24.239999771118164,23.51000022888184,23.51000022888184,20700
2016-11-18,12.158724784851074,22.809999465942383,24.040000915527344,22.76000022888184,23.540000915527344,34100
2016-11-21,12.260004997253418,23.0,23.979999542236328,22.75,22.75,18200
2016-11-22,12.350622177124023,23.170000076293945,23.61000061035156,22.850000381469727,23.11000061035156,9400
2016-11-23,12.23335075378418,22.950000762939453,23.38999938964844,22.75,23.36000061035156,28600
2016-11-25,12.100090026855469,22.700000762939453,22.76000022888184,22.6200008392334,22.6200008392334,2700
2016-11-28,12.473220825195312,23.399999618530277,23.950000762939453,22.899999618530277,22.899999618530277,18600
2016-11-29,12.697100639343262,23.81999969482422,24.700000762939453,23.26000022888184,23.26000022888184,13800
2016-11-30,12.787718772888184,23.989999771118164,24.209999084472656,23.63999938964844,23.63999938964844,13900
2016-12-01,12.435911178588867,23.32999992370605,24.0,22.809999465942383,23.86000061035156,17900
2016-12-02,12.153398513793944,22.799999237060547,23.57999992370605,22.709999084472656,23.15999984741211,16700
2016-12-05,12.260004997253418,23.0,24.239999771118164,22.5,22.520000457763672,19400
2016-12-06,12.265336036682127,23.01000022888184,23.76000022888184,22.86000061035156,22.86000061035156,27400
2016-12-07,12.260004997253418,23.0,23.709999084472656,22.700000762939453,22.700000762939453,19600
2016-12-08,12.014806747436523,22.540000915527344,23.489999771118164,22.5,22.979999542236328,14500
2016-12-09,12.078771591186523,22.65999984741211,23.09000015258789,22.170000076293945,22.200000762939453,25400
2016-12-12,11.838899612426758,22.209999084472656,23.26000022888184,22.01000022888184,22.46999931335449,37700
2016-12-13,12.089431762695312,22.68000030517578,23.190000534057617,21.81999969482422,22.25,24100
2016-12-14,12.073437690734863,22.649999618530277,23.18000030517578,21.739999771118164,22.280000686645508,39900
2016-12-15,11.998815536499023,22.51000022888184,23.5,21.770000457763672,22.3799991607666,34700
2016-12-16,12.52652359008789,23.5,23.5,22.5,22.780000686645508,22600
2016-12-19,12.132072448730469,22.76000022888184,23.5,22.049999237060547,23.5,18300
2016-12-20,11.833572387695312,22.200000762939453,22.790000915527344,22.15999984741211,22.40999984741211,33100
2016-12-21,12.073437690734863,22.649999618530277,23.3799991607666,22.290000915527344,22.290000915527344,42300
2016-12-22,12.33462619781494,23.13999938964844,23.93000030517578,22.36000061035156,22.36000061035156,27700
2016-12-23,12.403926849365234,23.270000457763672,23.690000534057617,22.88999938964844,23.1299991607666,18900
2016-12-27,12.62780475616455,23.690000534057617,23.690000534057617,22.940000534057617,22.940000534057617,32200
2016-12-28,12.745075225830078,23.90999984741211,24.06999969482422,23.100000381469727,23.690000534057617,38800
2016-12-29,12.515864372253418,23.479999542236328,23.84000015258789,23.1200008392334,23.600000381469727,20900
2016-12-30,12.425247192382812,23.309999465942383,23.649999618530277,23.200000762939453,23.34000015258789,30400
2017-01-03,12.419915199279783,23.299999237060547,23.38999938964844,23.229999542236328,23.229999542236328,16700
2017-01-04,12.729081153869627,23.8799991607666,23.8799991607666,23.190000534057617,23.200000762939453,29200
2017-01-05,12.814370155334473,24.040000915527344,24.100000381469727,23.200000762939453,23.530000686645508,29400
2017-01-06,12.809040069580078,24.030000686645508,24.190000534057617,23.84000015258789,23.979999542236328,25300
2017-01-09,12.766393661499023,23.950000762939453,24.38999938964844,23.57999992370605,23.989999771118164,19300
2017-01-10,12.819697380065918,24.049999237060547,24.350000381469727,23.780000686645508,24.01000022888184,14000
2017-01-11,12.766687393188477,23.600000381469727,24.399999618530277,23.40999984741211,24.049999237060547,21600
2017-01-12,12.809964179992676,23.68000030517578,24.290000915527344,23.13999938964844,23.65999984741211,26000
2017-01-13,12.658493041992188,23.399999618530277,23.75,23.270000457763672,23.71999931335449,15100
2017-01-17,12.615219116210938,23.31999969482422,23.399999618530277,23.149999618530277,23.350000381469727,52200
2017-01-18,12.739638328552246,23.549999237060547,23.799999237060547,23.15999984741211,23.31999969482422,30000
2017-01-19,12.874878883361816,23.799999237060547,23.799999237060547,22.799999237060547,23.46999931335449,63700
2017-01-20,12.9776611328125,23.989999771118164,23.989999771118164,22.850000381469727,23.36000061035156,39000
2017-01-23,12.9776611328125,23.989999771118164,24.15999984741211,23.540000915527344,23.540000915527344,31500
2017-01-24,12.674722671508787,23.43000030517578,24.0,23.309999465942383,23.850000381469727,23500
2017-01-25,12.956024169921877,23.950000762939453,24.15999984741211,23.280000686645508,23.280000686645508,19000
2017-01-26,12.901927947998049,23.850000381469727,24.25,23.649999618530277,23.71999931335449,24100
2017-01-27,12.84782886505127,23.75,23.959999084472656,23.40999984741211,23.959999084472656,13700
2017-01-30,12.94520378112793,23.93000030517578,23.959999084472656,23.649999618530277,23.809999465942383,11800
2017-01-31,12.788322448730469,23.63999938964844,23.959999084472656,23.5,23.86000061035156,23000
2017-02-01,12.793733596801758,23.649999618530277,23.959999084472656,23.63999938964844,23.809999465942383,19600
2017-02-02,12.83701229095459,23.729999542236328,23.940000534057617,23.670000076293945,23.690000534057617,19400
2017-02-03,12.826191902160645,23.709999084472656,23.959999084472656,23.59000015258789,23.8799991607666,18100
2017-02-06,12.869467735290527,23.790000915527344,23.979999542236328,23.5,23.799999237060547,8000
2017-02-07,12.820782661437988,23.700000762939453,23.96999931335449,23.600000381469727,23.670000076293945,14300
2017-02-08,12.972250938415527,23.979999542236328,23.989999771118164,23.82999992370605,23.82999992370605,15600
2017-02-09,12.84782886505127,23.75,24.1200008392334,23.65999984741211,23.8799991607666,13800
2017-02-10,12.94520378112793,23.93000030517578,23.93000030517578,23.739999771118164,23.84000015258789,19900
2017-02-13,13.09126091003418,24.200000762939453,24.239999771118164,23.81999969482422,23.84000015258789,13400
2017-02-14,12.972250938415527,23.979999542236328,24.25,23.979999542236328,24.25,10300
2017-02-15,12.934383392333984,23.90999984741211,24.18000030517578,23.780000686645508,24.100000381469727,26900
2017-02-16,12.96142864227295,23.959999084472656,24.170000076293945,23.940000534057617,23.989999771118164,11800
2017-02-17,12.880287170410156,23.809999465942383,24.100000381469727,23.780000686645508,24.0,29100
2017-02-21,12.869467735290527,23.790000915527344,23.940000534057617,23.709999084472656,23.75,26100
2017-02-22,12.858651161193848,23.770000457763672,24.030000686645508,23.709999084472656,23.84000015258789,23000
2017-02-23,12.864056587219238,23.780000686645508,23.86000061035156,23.71999931335449,23.82999992370605,29600
2017-02-24,12.793733596801758,23.649999618530277,23.86000061035156,23.540000915527344,23.670000076293945,48700
2017-02-27,12.858651161193848,23.770000457763672,23.96999931335449,23.709999084472656,23.790000915527344,25800
2017-02-28,13.010116577148438,24.049999237060547,24.25,23.850000381469727,23.93000030517578,39100
2017-03-01,12.96142864227295,23.959999084472656,24.1200008392334,23.8700008392334,23.979999542236328,24300
2017-03-02,12.907339096069336,23.86000061035156,23.989999771118164,23.850000381469727,23.959999084472656,11000
2017-03-03,13.085853576660156,24.190000534057617,24.190000534057617,23.75,23.75,3700
2017-03-06,13.010116577148438,24.049999237060547,24.18000030517578,23.96999931335449,23.96999931335449,15000
2017-03-07,13.042577743530272,24.11000061035156,24.149999618530277,23.93000030517578,23.93000030517578,9200
2017-03-08,12.896514892578123,23.84000015258789,24.01000022888184,23.71999931335449,24.01000022888184,33500
2017-03-09,12.588167190551758,23.270000457763672,23.96999931335449,23.0,23.65999984741211,58500
2017-03-10,12.680133819580078,23.440000534057617,23.649999618530277,23.26000022888184,23.26000022888184,13300
2017-03-13,12.9776611328125,23.989999771118164,24.25,23.489999771118164,23.489999771118164,14700
2017-03-14,13.058802604675291,24.13999938964844,24.170000076293945,23.56999969482422,23.86000061035156,18500
2017-03-15,13.134544372558594,24.280000686645508,24.290000915527344,23.709999084472656,24.06999969482422,21000
2017-03-16,13.053393363952637,24.1299991607666,24.399999618530277,24.1299991607666,24.280000686645508,26100
2017-03-17,13.166996955871582,24.34000015258789,24.34000015258789,23.959999084472656,23.959999084472656,17400
2017-03-20,13.11830997467041,24.25,24.34000015258789,24.01000022888184,24.25,18600
2017-03-21,13.166996955871582,24.34000015258789,24.34000015258789,24.059999465942383,24.170000076293945,13100
2017-03-22,13.107491493225098,24.229999542236328,24.34000015258789,24.21999931335449,24.299999237060547,12500
2017-03-23,13.199453353881836,24.399999618530277,24.399999618530277,24.09000015258789,24.1200008392334,18600
2017-03-24,13.194046974182127,24.38999938964844,24.5,24.190000534057617,24.399999618530277,27900
2017-03-27,13.383378982543944,24.739999771118164,24.75,24.1200008392334,24.229999542236328,16400
2017-03-28,13.388788223266602,24.75,25.0,24.26000022888184,24.739999771118164,25100
2017-03-29,13.410428047180176,24.790000915527344,24.790000915527344,24.32999992370605,24.690000534057617,18000
2017-03-30,13.437478065490724,24.84000015258789,25.0,24.739999771118164,24.739999771118164,28600
2017-03-31,13.67009162902832,25.270000457763672,25.270000457763672,24.76000022888184,24.88999938964844,10400
2017-04-03,13.578126907348633,25.100000381469727,25.56999969482422,25.020000457763672,25.020000457763672,30900
2017-04-04,13.751229286193848,25.420000076293945,25.46999931335449,24.86000061035156,25.100000381469727,15400
2017-04-05,13.718772888183594,25.36000061035156,25.420000076293945,25.07999992370605,25.25,12400
2017-04-06,13.789102554321287,25.489999771118164,25.489999771118164,25.149999618530277,25.36000061035156,16400
2017-04-07,13.80533218383789,25.520000457763672,25.520000457763672,25.26000022888184,25.420000076293945,8000
2017-04-10,13.875657081604004,25.649999618530277,25.959999084472656,25.350000381469727,25.38999938964844,20500
2017-04-11,13.586054801940918,24.770000457763672,25.299999237060547,24.600000381469727,25.299999237060547,23900
2017-04-12,13.355690956115724,24.350000381469727,24.8700008392334,24.25,24.71999931335449,23600
2017-04-13,13.509265899658203,24.6299991607666,24.6299991607666,24.200000762939453,24.34000015258789,25600
2017-04-17,13.564115524291992,24.729999542236328,24.780000686645508,24.38999938964844,24.549999237060547,10000
2017-04-18,13.487324714660645,24.59000015258789,24.739999771118164,24.309999465942383,24.38999938964844,17700
2017-04-19,13.42699146270752,24.479999542236328,24.790000915527344,24.209999084472656,24.57999992370605,15600
2017-04-20,13.394081115722656,24.420000076293945,24.93000030517578,24.309999465942383,24.709999084472656,17500
2017-04-21,13.454418182373049,24.530000686645508,24.790000915527344,24.43000030517578,24.6200008392334,11900
2017-04-24,13.492812156677246,24.600000381469727,24.96999931335449,24.489999771118164,24.65999984741211,19300
2017-04-25,13.58056926727295,24.76000022888184,24.96999931335449,24.600000381469727,24.600000381469727,11200
2017-04-26,13.542176246643066,24.690000534057617,24.959999084472656,24.5,24.920000076293945,21100
2017-04-27,13.54765796661377,24.700000762939453,24.82999992370605,24.549999237060547,24.739999771118164,19000
2017-04-28,13.668325424194336,24.920000076293945,25.0,24.75,24.75,24400
2017-05-01,13.520237922668455,24.649999618530277,24.8700008392334,24.520000457763672,24.8700008392334,30500
2017-05-02,13.481841087341309,24.57999992370605,24.799999237060547,24.479999542236328,24.709999084472656,22700
2017-05-03,13.492812156677246,24.600000381469727,24.799999237060547,24.56999969482422,24.649999618530277,19700
2017-05-04,13.350205421447754,24.34000015258789,24.6200008392334,24.32999992370605,24.59000015258789,24700
2017-05-05,13.481841087341309,24.57999992370605,24.690000534057617,24.309999465942383,24.3700008392334,16300
2017-05-08,13.542176246643066,24.690000534057617,24.700000762939453,24.450000762939453,24.649999618530277,19500
2017-05-09,13.514748573303224,24.63999938964844,24.709999084472656,24.600000381469727,24.709999084472656,16700
2017-05-10,13.53669261932373,24.68000030517578,24.8700008392334,24.520000457763672,24.6299991607666,9900
2017-05-11,13.520237922668455,24.649999618530277,24.809999465942383,24.549999237060547,24.549999237060547,6600
2017-05-12,13.624446868896484,24.84000015258789,24.84000015258789,24.6299991607666,24.6299991607666,7600
2017-05-15,13.651872634887695,24.88999938964844,25.170000076293945,24.84000015258789,24.84000015258789,12700
2017-05-16,13.64638614654541,24.8799991607666,25.46999931335449,24.84000015258789,25.26000022888184,14000
2017-05-17,13.53669261932373,24.68000030517578,25.01000022888184,24.559999465942383,25.01000022888184,16800
2017-05-18,13.465387344360352,24.549999237060547,24.799999237060547,24.549999237060547,24.549999237060547,26200
2017-05-19,13.58056926727295,24.76000022888184,25.200000762939453,24.56999969482422,24.65999984741211,34600
2017-05-22,13.706722259521484,24.989999771118164,25.15999984741211,24.600000381469727,24.600000381469727,33100
2017-05-23,13.80544662475586,25.170000076293945,25.270000457763672,24.940000534057617,25.049999237060547,16700
2017-05-24,13.745113372802734,25.059999465942383,25.43000030517578,24.850000381469727,25.200000762939453,28700
2017-05-25,13.783510208129885,25.1299991607666,25.690000534057617,24.979999542236328,24.979999542236328,23000
2017-05-26,13.695751190185549,24.96999931335449,25.21999931335449,24.959999084472656,25.06999969482422,12500
2017-05-30,13.635419845581056,24.86000061035156,25.18000030517578,24.86000061035156,25.1200008392334,13200
2017-05-31,13.586054801940918,24.770000457763672,25.100000381469727,24.770000457763672,24.920000076293945,16300
2017-06-01,13.624446868896484,24.84000015258789,24.950000762939453,24.770000457763672,24.790000915527344,10500
2017-06-02,13.624446868896484,24.84000015258789,24.940000534057617,24.799999237060547,24.88999938964844,8700
2017-06-05,13.65736198425293,24.899999618530277,25.13999938964844,24.8799991607666,24.8799991607666,10700
2017-06-06,13.62993335723877,24.850000381469727,25.149999618530277,24.850000381469727,25.09000015258789,10900
2017-06-07,13.706722259521484,24.989999771118164,25.09000015258789,24.850000381469727,24.850000381469727,15000
2017-06-08,13.767057418823242,25.100000381469727,25.239999771118164,25.040000915527344,25.239999771118164,12000
2017-06-09,13.723176956176758,25.020000457763672,25.200000762939453,25.020000457763672,25.040000915527344,5100
2017-06-12,13.783510208129885,25.1299991607666,25.200000762939453,25.059999465942383,25.059999465942383,7000
2017-06-13,13.832871437072754,25.21999931335449,25.399999618530277,25.13999938964844,25.190000534057617,12400
2017-06-14,13.739628791809082,25.049999237060547,25.68000030517578,25.030000686645508,25.270000457763672,18300
2017-06-15,13.734149932861328,25.040000915527344,25.280000686645508,24.989999771118164,25.07999992370605,20800
2017-06-16,13.843846321105955,25.239999771118164,25.239999771118164,24.96999931335449,24.96999931335449,22700
2017-06-19,13.920632362365724,25.3799991607666,25.5,25.229999542236328,25.290000915527344,15000
2017-06-20,13.860300064086914,25.270000457763672,25.479999542236328,25.270000457763672,25.350000381469727,11000
2017-06-21,13.860300064086914,25.270000457763672,25.46999931335449,25.239999771118164,25.31999969482422,6000
2017-06-22,13.849327087402344,25.25,25.450000762939453,25.25,25.399999618530277,22100
2017-06-23,13.799967765808104,25.15999984741211,25.239999771118164,25.1299991607666,25.239999771118164,10700
2017-06-26,13.865785598754885,25.280000686645508,25.690000534057617,25.280000686645508,25.290000915527344,17700
2017-06-27,14.013874053955078,25.549999237060547,25.690000534057617,25.18000030517578,25.65999984741211,17300
2017-06-28,13.85481071472168,25.26000022888184,25.65999984741211,25.190000534057617,25.65999984741211,15100
2017-06-29,13.838356018066406,25.229999542236328,25.51000022888184,25.21999931335449,25.21999931335449,9300
2017-06-30,13.893206596374512,25.32999992370605,25.3799991607666,25.18000030517578,25.190000534057617,15200
2017-07-03,13.920632362365724,25.3799991607666,25.399999618530277,25.32999992370605,25.32999992370605,4300
2017-07-05,13.909661293029783,25.36000061035156,25.399999618530277,25.21999931335449,25.21999931335449,6100
2017-07-06,13.849327087402344,25.25,25.440000534057617,25.21999931335449,25.229999542236328,40300
2017-07-07,13.827390670776367,25.209999084472656,25.34000015258789,25.1200008392334,25.239999771118164,13800
2017-07-10,14.030329704284668,25.57999992370605,25.6200008392334,25.209999084472656,25.209999084472656,13700
2017-07-11,13.959027290344238,25.450000762939453,25.549999237060547,25.309999465942383,25.309999465942383,13000
2017-07-12,13.993510246276855,25.15999984741211,25.31999969482422,25.06999969482422,25.170000076293945,36400
2017-07-13,13.915643692016602,25.020000457763672,25.15999984741211,25.01000022888184,25.059999465942383,18500
2017-07-14,13.898958206176758,24.989999771118164,25.040000915527344,24.959999084472656,25.020000457763672,10400
2017-07-17,13.89339828491211,24.979999542236328,25.040000915527344,24.950000762939453,24.950000762939453,7800
2017-07-18,13.960138320922852,25.100000381469727,25.100000381469727,24.979999542236328,24.979999542236328,18600
2017-07-19,13.915643692016602,25.020000457763672,25.100000381469727,25.0,25.09000015258789,15100
2017-07-20,13.86002254486084,24.920000076293945,25.030000686645508,24.920000076293945,24.979999542236328,14800
2017-07-21,13.949017524719238,25.07999992370605,25.07999992370605,24.90999984741211,24.90999984741211,21500
2017-07-24,13.921205520629885,25.030000686645508,25.049999237060547,24.959999084472656,25.049999237060547,10600
2017-07-25,13.910082817077637,25.01000022888184,25.049999237060547,24.959999084472656,24.959999084472656,16100
2017-07-26,13.921205520629885,25.030000686645508,25.06999969482422,24.959999084472656,24.959999084472656,21500
2017-07-27,13.910082817077637,25.01000022888184,25.07999992370605,24.979999542236328,25.07999992370605,22700
2017-07-28,13.937891960144045,25.059999465942383,25.07999992370605,25.020000457763672,25.020000457763672,12800
2017-07-31,13.932327270507812,25.049999237060547,25.09000015258789,25.030000686645508,25.09000015258789,3600
2017-08-01,13.932327270507812,25.049999237060547,25.100000381469727,25.030000686645508,25.100000381469727,13300
2017-08-02,13.887835502624512,24.96999931335449,25.09000015258789,24.950000762939453,25.09000015258789,30200
2017-08-03,13.915643692016602,25.020000457763672,25.059999465942383,24.959999084472656,25.030000686645508,23700
2017-08-04,13.926765441894531,25.040000915527344,25.059999465942383,25.0,25.040000915527344,5800
2017-08-07,13.932327270507812,25.049999237060547,25.06999969482422,24.979999542236328,25.059999465942383,3800
2017-08-08,13.86558723449707,24.93000030517578,25.049999237060547,24.93000030517578,25.0,11900
2017-08-09,13.876710891723633,24.950000762939453,25.01000022888184,24.899999618530277,24.93000030517578,17400
2017-08-10,13.86558723449707,24.93000030517578,24.950000762939453,24.850000381469727,24.93000030517578,11500
2017-08-11,13.943449020385742,25.06999969482422,25.149999618530277,24.809999465942383,24.809999465942383,18300
2017-08-14,13.910082817077637,25.01000022888184,25.09000015258789,25.0,25.0,4300
2017-08-15,13.910082817077637,25.01000022888184,25.06999969482422,25.01000022888184,25.06999969482422,3100
2017-08-16,13.943449020385742,25.06999969482422,25.06999969482422,25.020000457763672,25.049999237060547,2400
2017-08-17,13.95457363128662,25.09000015258789,25.100000381469727,25.0,25.049999237060547,15700
2017-08-18,13.932327270507812,25.049999237060547,25.100000381469727,25.030000686645508,25.030000686645508,4000
2017-08-21,13.943449020385742,25.06999969482422,25.100000381469727,25.049999237060547,25.049999237060547,5100
2017-08-22,13.937891960144045,25.059999465942383,25.100000381469727,25.040000915527344,25.059999465942383,17200
2017-08-23,13.949017524719238,25.07999992370605,25.1200008392334,25.040000915527344,25.040000915527344,6100
2017-08-24,13.982383728027344,25.13999938964844,25.13999938964844,25.049999237060547,25.049999237060547,6000
2017-08-25,13.95457363128662,25.09000015258789,25.11000061035156,25.06999969482422,25.06999969482422,6200
2017-08-28,13.982383728027344,25.13999938964844,25.149999618530277,25.09000015258789,25.13999938964844,23600
2017-08-29,13.97126293182373,25.1200008392334,25.13999938964844,25.06999969482422,25.13999938964844,9100
2017-08-30,13.960138320922852,25.100000381469727,25.11000061035156,25.020000457763672,25.020000457763672,10700
2017-08-31,13.97126293182373,25.1200008392334,25.1200008392334,25.06999969482422,25.06999969482422,10700
2017-09-01,13.98794651031494,25.149999618530277,25.149999618530277,25.09000015258789,25.09000015258789,6600
2017-09-05,13.976824760437012,25.1299991607666,25.1299991607666,25.100000381469727,25.100000381469727,8400
2017-09-06,13.943449020385742,25.06999969482422,25.1200008392334,25.020000457763672,25.020000457763672,6700
2017-09-07,13.960138320922852,25.100000381469727,25.1200008392334,25.100000381469727,25.100000381469727,5400
2017-09-08,13.960138320922852,25.100000381469727,25.1299991607666,25.100000381469727,25.1299991607666,6500
2017-09-11,14.004631996154783,25.18000030517578,25.21999931335449,25.1200008392334,25.1200008392334,36700
2017-09-12,14.038003921508787,25.239999771118164,25.25,25.170000076293945,25.170000076293945,8400
2017-09-13,14.02687931060791,25.21999931335449,25.229999542236328,25.200000762939453,25.229999542236328,8400
2017-09-14,14.021322250366213,25.209999084472656,25.209999084472656,25.18000030517578,25.190000534057617,3300
2017-09-15,14.03243923187256,25.229999542236328,25.239999771118164,25.190000534057617,25.21999931335449,4200
2017-09-18,14.021322250366213,25.209999084472656,25.25,25.209999084472656,25.25,2200
2017-09-19,13.999070167541504,25.170000076293945,25.25,25.170000076293945,25.200000762939453,8400
2017-09-20,13.921205520629885,25.030000686645508,25.209999084472656,25.030000686645508,25.209999084472656,7200
2017-09-21,13.993510246276855,25.15999984741211,25.239999771118164,25.09000015258789,25.09000015258789,7700
2017-09-22,13.999070167541504,25.170000076293945,25.209999084472656,25.1299991607666,25.1299991607666,25900
2017-09-25,13.999070167541504,25.170000076293945,25.239999771118164,25.170000076293945,25.200000762939453,6900
2017-09-26,14.021322250366213,25.209999084472656,25.209999084472656,25.170000076293945,25.170000076293945,3600
2017-09-27,14.049126625061035,25.26000022888184,25.299999237060547,25.170000076293945,25.200000762939453,24500
2017-09-28,14.049126625061035,25.26000022888184,25.26000022888184,25.15999984741211,25.15999984741211,12800
2017-09-29,14.121427536010742,25.38999938964844,25.38999938964844,25.209999084472656,25.209999084472656,28600
2017-10-02,14.076940536499023,25.309999465942383,25.350000381469727,25.290000915527344,25.31999969482422,8800
2017-10-03,14.02687931060791,25.21999931335449,25.32999992370605,25.209999084472656,25.299999237060547,6700
2017-10-04,14.093620300292969,25.34000015258789,25.34000015258789,25.270000457763672,25.270000457763672,10700
2017-10-05,14.06025218963623,25.280000686645508,25.32999992370605,25.25,25.25,12500
2017-10-06,14.049126625061035,25.26000022888184,25.31999969482422,25.059999465942383,25.270000457763672,14400
2017-10-09,13.965700149536133,25.11000061035156,25.26000022888184,25.0,25.26000022888184,13200
2017-10-10,14.010193824768066,25.190000534057617,25.25,25.07999992370605,25.07999992370605,11600
2017-10-11,14.071372985839844,25.299999237060547,25.299999237060547,25.15999984741211,25.15999984741211,10800
2017-10-12,14.083780288696287,24.96999931335449,25.020000457763672,24.950000762939453,24.950000762939453,15200
2017-10-13,14.083780288696287,24.96999931335449,24.989999771118164,24.950000762939453,24.950000762939453,5100
2017-10-16,14.072504043579102,24.950000762939453,25.01000022888184,24.950000762939453,24.989999771118164,6600
2017-10-17,14.123263359069824,25.040000915527344,25.049999237060547,24.959999084472656,25.020000457763672,6800
2017-10-18,14.10070514678955,25.0,25.059999465942383,25.0,25.01000022888184,9000
2017-10-19,14.111985206604004,25.020000457763672,25.049999237060547,24.950000762939453,24.96999931335449,8800
2017-10-20,14.230428695678713,25.229999542236328,25.229999542236328,24.920000076293945,24.979999542236328,27100
2017-10-23,14.140182495117188,25.06999969482422,25.280000686645508,25.06999969482422,25.18000030517578,19200
2017-10-24,14.185308456420898,25.149999618530277,25.209999084472656,25.13999938964844,25.190000534057617,6900
2017-10-25,14.16275119781494,25.11000061035156,25.190000534057617,25.100000381469727,25.18000030517578,3700
2017-10-26,14.224786758422852,25.21999931335449,25.21999931335449,25.0,25.100000381469727,10700
2017-10-27,14.12890338897705,25.049999237060547,25.190000534057617,25.049999237060547,25.15999984741211,4100
2017-10-30,14.207868576049805,25.190000534057617,25.209999084472656,25.13999938964844,25.170000076293945,4700
2017-10-31,14.207868576049805,25.190000534057617,25.190000534057617,25.1299991607666,25.190000534057617,6100
2017-11-01,14.145825386047363,25.07999992370605,25.21999931335449,25.07999992370605,25.21999931335449,6900
2017-11-02,14.140182495117188,25.06999969482422,25.209999084472656,25.06999969482422,25.209999084472656,10700
2017-11-03,14.123263359069824,25.040000915527344,25.100000381469727,25.020000457763672,25.07999992370605,5400
2017-11-06,14.174027442932127,25.1299991607666,25.13999938964844,25.020000457763672,25.020000457763672,6400
2017-11-07,14.134544372558594,25.059999465942383,25.06999969482422,25.040000915527344,25.040000915527344,7300
2017-11-08,14.145825386047363,25.07999992370605,25.07999992370605,25.020000457763672,25.030000686645508,4400
2017-11-09,14.117627143859863,25.030000686645508,25.06999969482422,25.0,25.020000457763672,10700
2017-11-10,14.140182495117188,25.06999969482422,25.09000015258789,25.0,25.07999992370605,92400
2017-11-13,14.151464462280272,25.09000015258789,25.1299991607666,25.049999237060547,25.1299991607666,10500
2017-11-14,14.174027442932127,25.1299991607666,25.1299991607666,25.049999237060547,25.1299991607666,6700
2017-11-15,14.190948486328123,25.15999984741211,25.209999084472656,25.030000686645508,25.030000686645508,8600
2017-11-16,14.168386459350586,25.1200008392334,25.209999084472656,25.11000061035156,25.200000762939453,10700
2017-11-17,14.196585655212402,25.170000076293945,25.299999237060547,25.11000061035156,25.239999771118164,5500
2017-11-20,14.185308456420898,25.149999618530277,25.670000076293945,25.1200008392334,25.200000762939453,14800
2017-11-21,14.252992630004885,25.270000457763672,25.350000381469727,25.26000022888184,25.350000381469727,9100
2017-11-22,14.25862979888916,25.280000686645508,25.34000015258789,25.239999771118164,25.34000015258789,6600
2017-11-24,14.21915054321289,25.209999084472656,25.34000015258789,25.209999084472656,25.21999931335449,1100
2017-11-27,14.185308456420898,25.149999618530277,25.309999465942383,25.149999618530277,25.15999984741211,20200
2017-11-28,14.224786758422852,25.21999931335449,25.25,25.11000061035156,25.11000061035156,8000
2017-11-29,14.207868576049805,25.190000534057617,25.190000534057617,25.1200008392334,25.1299991607666,8200
2017-11-30,14.1571044921875,25.100000381469727,25.290000915527344,25.100000381469727,25.1299991607666,14500
2017-12-01,14.213513374328612,25.200000762939453,25.200000762939453,25.100000381469727,25.100000381469727,4300
2017-12-04,14.145825386047363,25.07999992370605,25.200000762939453,25.059999465942383,25.13999938964844,57500
2017-12-05,14.140182495117188,25.06999969482422,25.18000030517578,25.040000915527344,25.18000030517578,14100
2017-12-06,14.196585655212402,25.170000076293945,25.170000076293945,25.059999465942383,25.09000015258789,7800
2017-12-07,14.17966651916504,25.13999938964844,25.170000076293945,25.09000015258789,25.149999618530277,10300
2017-12-08,14.140182495117188,25.06999969482422,25.149999618530277,25.059999465942383,25.059999465942383,15300
2017-12-11,14.17966651916504,25.13999938964844,25.18000030517578,25.06999969482422,25.06999969482422,8700
2017-12-12,14.168386459350586,25.1200008392334,25.1200008392334,25.100000381469727,25.100000381469727,1600
2017-12-13,14.17966651916504,25.13999938964844,25.13999938964844,25.0,25.059999465942383,24700
2017-12-14,14.207868576049805,25.190000534057617,25.190000534057617,25.059999465942383,25.059999465942383,12400
2017-12-15,14.24170970916748,25.25,25.25,25.0,25.11000061035156,32900
2017-12-18,14.25862979888916,25.280000686645508,25.280000686645508,25.11000061035156,25.1200008392334,35700
2017-12-19,14.236069679260254,25.239999771118164,25.280000686645508,25.15999984741211,25.280000686645508,13900
2017-12-20,14.230428695678713,25.229999542236328,25.350000381469727,25.149999618530277,25.270000457763672,13900
2017-12-21,14.24170970916748,25.25,25.26000022888184,25.200000762939453,25.209999084472656,8300
2017-12-22,14.224786758422852,25.21999931335449,25.280000686645508,25.18000030517578,25.280000686645508,4600
2017-12-26,14.168386459350586,25.1200008392334,25.270000457763672,25.11000061035156,25.200000762939453,14200
2017-12-27,14.207868576049805,25.190000534057617,25.229999542236328,25.1200008392334,25.1200008392334,7400
2017-12-28,14.213513374328612,25.200000762939453,25.26000022888184,25.13999938964844,25.149999618530277,15500
2017-12-29,14.252992630004885,25.270000457763672,25.270000457763672,25.049999237060547,25.149999618530277,41100
2018-01-02,14.168386459350586,25.1200008392334,25.239999771118164,25.11000061035156,25.170000076293945,27400
2018-01-03,14.1571044921875,25.100000381469727,25.1299991607666,25.06999969482422,25.100000381469727,17800
2018-01-04,14.202227592468262,25.18000030517578,25.32999992370605,25.07999992370605,25.07999992370605,33400
2018-01-05,14.213513374328612,25.200000762939453,25.25,25.200000762939453,25.200000762939453,5100
2018-01-08,14.21915054321289,25.209999084472656,25.280000686645508,25.100000381469727,25.200000762939453,7500
2018-01-09,14.207868576049805,25.190000534057617,25.26000022888184,25.100000381469727,25.26000022888184,11500
2018-01-10,14.309392929077148,25.3700008392334,25.399999618530277,25.1200008392334,25.18000030517578,22500
2018-01-11,14.384894371032717,25.149999618530277,25.32999992370605,25.11000061035156,25.11000061035156,25400
2018-01-12,14.304816246032717,25.01000022888184,25.1299991607666,24.96999931335449,25.1200008392334,10100
2018-01-16,14.281940460205078,24.96999931335449,25.1299991607666,24.96999931335449,25.020000457763672,7500
2018-01-17,14.259060859680176,24.93000030517578,24.979999542236328,24.93000030517578,24.979999542236328,15300
2018-01-18,14.190423965454102,24.809999465942383,24.989999771118164,24.790000915527344,24.920000076293945,21200
2018-01-19,14.178980827331545,24.790000915527344,24.809999465942383,24.790000915527344,24.790000915527344,21700
2018-01-22,14.184703826904297,24.799999237060547,24.989999771118164,24.790000915527344,24.82999992370605,7300
2018-01-23,14.23618221282959,24.88999938964844,24.88999938964844,24.790000915527344,24.799999237060547,9300
2018-01-24,14.230463027954102,24.8799991607666,24.899999618530277,24.790000915527344,24.82999992370605,23600
2018-01-25,14.287660598754885,24.979999542236328,25.09000015258789,24.799999237060547,24.799999237060547,23800
2018-01-26,14.247621536254885,24.90999984741211,25.100000381469727,24.899999618530277,24.989999771118164,14500
2018-01-29,14.121787071228027,24.690000534057617,24.90999984741211,24.63999938964844,24.90999984741211,42300
2018-01-30,14.178980827331545,24.790000915527344,24.81999969482422,24.270000457763672,24.790000915527344,38600
2018-01-31,14.241901397705078,24.899999618530277,24.899999618530277,24.790000915527344,24.81999969482422,21400
2018-02-01,14.10463047027588,24.65999984741211,24.88999938964844,24.51000022888184,24.86000061035156,15800
2018-02-02,14.156109809875488,24.75,24.75,24.38999938964844,24.75,20500
2018-02-05,13.8930025100708,24.290000915527344,24.649999618530277,24.25,24.63999938964844,14400
2018-02-06,13.8930025100708,24.290000915527344,24.350000381469727,23.56999969482422,24.299999237060547,16900
2018-02-07,14.041715621948242,24.549999237060547,25.020000457763672,24.170000076293945,24.420000076293945,16600
2018-02-08,13.784332275390623,24.100000381469727,24.459999084472656,23.959999084472656,24.459999084472656,20100
2018-02-09,13.88156509399414,24.270000457763672,24.5,22.479999542236328,24.11000061035156,36200
2018-02-12,13.887289047241213,24.280000686645508,24.43000030517578,22.81999969482422,24.270000457763672,15000
2018-02-13,13.73857307434082,24.020000457763672,24.43000030517578,23.81999969482422,24.399999618530277,19700
2018-02-14,13.652779579162598,23.8700008392334,24.020000457763672,23.6200008392334,23.76000022888184,15800
2018-02-15,13.555545806884766,23.700000762939453,24.100000381469727,23.46999931335449,23.790000915527344,20800
2018-02-16,13.423994064331056,23.46999931335449,23.899999618530277,23.280000686645508,23.86000061035156,20700
2018-02-20,14.053155899047852,24.56999969482422,24.979999542236328,23.399999618530277,23.399999618530277,89800
2018-02-21,14.041715621948242,24.549999237060547,24.57999992370605,24.149999618530277,24.57999992370605,16400
2018-02-22,13.870125770568848,24.25,24.540000915527344,24.01000022888184,24.3799991607666,23600
2018-02-23,14.013116836547852,24.5,24.5,24.020000457763672,24.34000015258789,15000
2018-02-26,13.481188774108888,23.56999969482422,24.520000457763672,23.56999969482422,24.32999992370605,33600
2018-02-27,13.629900932312012,23.82999992370605,24.09000015258789,23.559999465942383,23.59000015258789,19100
2018-02-28,13.618464469909668,23.809999465942383,23.899999618530277,23.709999084472656,23.709999084472656,14700
2018-03-01,13.67565631866455,23.90999984741211,23.950000762939453,23.709999084472656,23.709999084472656,16100
2018-03-02,13.69853687286377,23.950000762939453,23.989999771118164,23.82999992370605,23.950000762939453,13600
2018-03-05,13.58985996246338,23.76000022888184,24.0,23.709999084472656,24.0,58100
2018-03-06,13.549827575683594,23.690000534057617,23.989999771118164,23.549999237060547,23.790000915527344,32300
2018-03-07,13.595584869384766,23.770000457763672,24.0,23.61000061035156,23.61000061035156,28300
2018-03-08,13.784332275390623,24.100000381469727,24.100000381469727,23.739999771118164,23.82999992370605,20900
2018-03-09,13.68709945678711,23.93000030517578,24.21999931335449,23.920000076293945,24.21999931335449,24100
2018-03-12,13.801487922668455,24.1299991607666,24.25,23.770000457763672,23.770000457763672,24300
2018-03-13,13.95591926574707,24.399999618530277,24.530000686645508,23.770000457763672,23.770000457763672,9800
2018-03-14,13.898724555969238,24.299999237060547,24.540000915527344,24.149999618530277,24.399999618530277,8600
2018-03-15,14.018832206726074,24.51000022888184,24.670000076293945,24.270000457763672,24.440000534057617,10900
2018-03-16,14.09890842437744,24.649999618530277,24.649999618530277,24.229999542236328,24.5,12900
2018-03-19,13.509790420532228,23.6200008392334,24.489999771118164,23.32999992370605,24.489999771118164,85100
2018-03-20,13.578423500061035,23.739999771118164,23.86000061035156,23.6299991607666,23.6299991607666,17300
2018-03-21,13.62417984008789,23.81999969482422,23.82999992370605,23.65999984741211,23.739999771118164,12700
2018-03-22,13.664215087890623,23.88999938964844,23.979999542236328,23.670000076293945,23.670000076293945,18700
2018-03-23,13.727133750915527,24.0,24.3700008392334,23.959999084472656,23.959999084472656,20400
2018-03-26,14.21902847290039,24.86000061035156,25.100000381469727,24.100000381469727,24.34000015258789,61700
2018-03-27,14.156109809875488,24.75,24.86000061035156,24.40999984741211,24.86000061035156,11100
2018-03-28,14.247621536254885,24.90999984741211,25.0,24.600000381469727,24.75,12900
2018-03-29,14.264781951904297,24.940000534057617,25.100000381469727,24.65999984741211,24.809999465942383,19500
2018-04-02,13.555545806884766,23.700000762939453,24.399999618530277,23.3799991607666,24.049999237060547,48600
2018-04-03,13.72141456604004,23.989999771118164,24.25,23.65999984741211,24.020000457763672,22200
2018-04-04,13.910161018371582,24.31999969482422,24.31999969482422,23.899999618530277,23.989999771118164,12000
2018-04-05,13.938761711120604,24.3700008392334,24.399999618530277,24.09000015258789,24.31999969482422,14200
2018-04-06,14.087471961975098,24.6299991607666,24.6299991607666,24.1200008392334,24.21999931335449,11100
2018-04-09,14.293381690979004,24.989999771118164,24.989999771118164,24.489999771118164,24.6200008392334,29600
2018-04-10,14.281940460205078,24.96999931335449,24.989999771118164,24.76000022888184,24.90999984741211,13600
2018-04-11,14.333415031433104,25.059999465942383,25.09000015258789,24.809999465942383,24.989999771118164,17700
2018-04-12,14.734853744506836,25.399999618530277,25.43000030517578,24.729999542236328,24.8799991607666,106100
2018-04-13,14.456402778625488,24.920000076293945,25.350000381469727,24.76000022888184,25.350000381469727,33500
2018-04-16,14.54922103881836,25.07999992370605,25.15999984741211,24.790000915527344,24.8700008392334,18600
2018-04-17,14.514413833618164,25.020000457763672,25.190000534057617,24.86000061035156,25.020000457763672,12400
2018-04-18,14.305575370788574,24.65999984741211,24.950000762939453,24.63999938964844,24.86000061035156,14500
2018-04-19,14.038719177246094,24.200000762939453,24.63999938964844,24.100000381469727,24.63999938964844,22800
2018-04-20,13.940101623535156,24.030000686645508,24.280000686645508,23.700000762939453,24.200000762939453,36100
2018-04-23,14.189549446105955,24.459999084472656,24.57999992370605,24.049999237060547,24.09000015258789,16500
2018-04-24,14.05612087249756,24.229999542236328,24.459999084472656,24.07999992370605,24.209999084472656,11900
2018-04-25,14.183749198913574,24.450000762939453,24.450000762939453,23.90999984741211,24.21999931335449,14200
2018-04-26,14.027119636535645,24.18000030517578,24.32999992370605,23.90999984741211,24.209999084472656,8800
2018-04-27,13.998111724853516,24.1299991607666,24.229999542236328,23.920000076293945,24.190000534057617,9000
2018-04-30,13.90529727935791,23.96999931335449,24.13999938964844,23.86000061035156,23.96999931335449,6300
2018-05-01,13.916894912719728,23.989999771118164,24.01000022888184,23.690000534057617,24.01000022888184,13700
2018-05-02,13.916894912719728,23.989999771118164,24.1200008392334,23.790000915527344,24.100000381469727,9700
2018-05-03,13.88788890838623,23.940000534057617,24.1299991607666,23.899999618530277,24.1299991607666,10000
2018-05-04,13.986509323120115,24.11000061035156,24.1200008392334,23.950000762939453,23.950000762939453,5700
2018-05-07,14.317174911499023,24.68000030517578,25.09000015258789,24.1200008392334,24.200000762939453,12200
2018-05-08,14.14313793182373,24.3799991607666,24.61000061035156,24.299999237060547,24.61000061035156,3600
2018-05-09,14.543413162231444,25.06999969482422,25.06999969482422,24.38999938964844,24.559999465942383,29500
2018-05-10,14.322972297668455,24.690000534057617,25.049999237060547,24.690000534057617,25.01000022888184,9200
2018-05-11,14.456402778625488,24.920000076293945,25.020000457763672,24.65999984741211,24.65999984741211,9200
2018-05-14,14.543413162231444,25.06999969482422,25.13999938964844,24.770000457763672,25.06999969482422,16200
2018-05-15,14.17214584350586,24.43000030517578,24.93000030517578,24.15999984741211,24.81999969482422,4600
2018-05-16,14.317174911499023,24.68000030517578,24.81999969482422,24.280000686645508,24.5,7800
2018-05-17,14.276566505432127,24.61000061035156,24.729999542236328,24.61000061035156,24.6299991607666,4200
2018-05-18,14.328776359558104,24.700000762939453,24.709999084472656,24.61000061035156,24.61000061035156,2700
2018-05-21,14.247564315795898,24.559999465942383,24.84000015258789,24.51000022888184,24.700000762939453,9400
2018-05-22,14.276566505432127,24.61000061035156,24.770000457763672,24.40999984741211,24.709999084472656,8700
2018-05-23,14.357781410217283,24.75,24.96999931335449,24.600000381469727,24.600000381469727,8200
2018-05-24,14.42739486694336,24.8700008392334,24.8700008392334,24.40999984741211,24.59000015258789,11200
2018-05-25,14.31136989593506,24.670000076293945,24.90999984741211,24.530000686645508,24.530000686645508,5300
2018-05-29,14.398388862609863,24.81999969482422,25.0,24.649999618530277,24.76000022888184,9800
2018-05-30,14.317174911499023,24.68000030517578,24.90999984741211,24.670000076293945,24.709999084472656,7200
2018-05-31,14.468002319335938,24.940000534057617,24.950000762939453,24.709999084472656,24.780000686645508,5900
2018-06-01,14.584023475646973,25.13999938964844,25.13999938964844,24.82999992370605,24.90999984741211,22300
2018-06-04,14.57242488861084,25.1200008392334,25.1200008392334,24.809999465942383,24.809999465942383,7300
2018-06-05,14.57822036743164,25.1299991607666,25.13999938964844,25.049999237060547,25.07999992370605,19900
2018-06-06,14.54922103881836,25.07999992370605,25.07999992370605,24.920000076293945,24.940000534057617,5600
2018-06-07,14.520211219787598,25.030000686645508,25.049999237060547,24.709999084472656,25.030000686645508,14100
2018-06-08,14.485405921936035,24.96999931335449,25.0,24.709999084472656,24.899999618530277,13900
2018-06-11,14.43899631500244,24.88999938964844,24.96999931335449,24.88999938964844,24.950000762939453,3100
2018-06-12,14.369383811950684,24.770000457763672,25.0,24.6200008392334,25.0,7900
2018-06-13,14.299768447875977,24.649999618530277,24.790000915527344,24.6200008392334,24.68000030517578,2200
2018-06-14,14.42159938812256,24.86000061035156,24.96999931335449,24.649999618530277,24.649999618530277,5800
2018-06-15,14.409993171691896,24.84000015258789,24.90999984741211,24.790000915527344,24.899999618530277,12200
2018-06-18,14.369383811950684,24.770000457763672,24.989999771118164,24.6200008392334,24.84000015258789,15800
2018-06-19,14.31136989593506,24.670000076293945,24.75,24.65999984741211,24.75,5400
2018-06-20,14.334571838378906,24.709999084472656,24.81999969482422,24.6299991607666,24.68000030517578,11200
2018-06-21,14.27076530456543,24.600000381469727,24.76000022888184,24.600000381469727,24.709999084472656,17800
2018-06-22,14.340373992919922,24.71999931335449,24.729999542236328,24.600000381469727,24.690000534057617,5400
2018-06-25,14.305575370788574,24.65999984741211,24.81999969482422,24.65999984741211,24.71999931335449,10700
2018-06-26,14.340373992919922,24.71999931335449,24.799999237060547,24.700000762939453,24.729999542236328,10100
2018-06-27,14.415794372558594,24.850000381469727,24.8700008392334,24.76000022888184,24.76000022888184,9700
2018-06-28,14.584023475646973,25.13999938964844,25.13999938964844,24.84000015258789,24.84000015258789,7700
2018-06-29,14.386786460876465,24.799999237060547,25.1200008392334,24.799999237060547,25.06999969482422,25500
2018-07-02,14.444798469543455,24.899999618530277,25.200000762939453,24.899999618530277,25.01000022888184,26600
2018-07-03,14.485405921936035,24.96999931335449,25.18000030517578,24.959999084472656,24.959999084472656,12800
2018-07-05,14.595629692077637,25.15999984741211,25.190000534057617,25.01000022888184,25.1200008392334,10600
2018-07-06,14.502809524536133,25.0,25.190000534057617,25.0,25.15999984741211,20300
2018-07-09,14.6304349899292,25.21999931335449,25.399999618530277,25.09000015258789,25.100000381469727,20600
2018-07-10,14.804468154907228,25.520000457763672,25.520000457763672,25.21999931335449,25.290000915527344,16600
2018-07-11,14.502809524536133,25.0,25.36000061035156,25.0,25.350000381469727,19400
2018-07-12,14.56282901763916,24.75,25.0,24.65999984741211,24.84000015258789,10400
2018-07-13,14.56282901763916,24.75,24.770000457763672,24.61000061035156,24.75,9800
2018-07-16,14.509868621826172,24.65999984741211,24.770000457763672,24.6200008392334,24.76000022888184,5900
2018-07-17,14.392191886901855,24.459999084472656,24.71999931335449,24.459999084472656,24.65999984741211,6100
2018-07-18,14.515752792358398,24.670000076293945,24.68000030517578,24.479999542236328,24.479999542236328,14300
2018-07-19,14.539287567138672,24.709999084472656,25.38999938964844,24.65999984741211,24.75,8300
2018-07-20,14.851144790649414,25.239999771118164,25.239999771118164,24.709999084472656,24.709999084472656,25700
2018-07-23,14.71580696105957,25.01000022888184,25.030000686645508,24.81999969482422,25.030000686645508,36100
2018-07-24,14.486336708068848,24.6200008392334,25.040000915527344,24.6200008392334,25.0,26200
2018-07-25,14.456914901733398,24.56999969482422,24.700000762939453,24.530000686645508,24.530000686645508,5000
2018-07-26,14.498099327087402,24.63999938964844,24.88999938964844,24.6200008392334,24.739999771118164,8200
2018-07-27,14.37453842163086,24.43000030517578,24.530000686645508,24.299999237060547,24.530000686645508,8300
2018-07-30,14.386307716369627,24.450000762939453,24.600000381469727,24.38999938964844,24.600000381469727,3300
2018-07-31,14.386307716369627,24.450000762939453,24.68000030517578,24.3700008392334,24.600000381469727,9000
2018-08-01,14.356886863708496,24.399999618530277,24.540000915527344,24.399999618530277,24.520000457763672,8100
2018-08-02,14.468682289123535,24.59000015258789,24.59000015258789,24.43000030517578,24.520000457763672,18200
2018-08-03,14.421610832214355,24.51000022888184,24.6200008392334,24.51000022888184,24.59000015258789,4700
2018-08-06,14.498099327087402,24.63999938964844,24.670000076293945,24.459999084472656,24.459999084472656,5200
2018-08-07,14.456914901733398,24.56999969482422,24.68000030517578,24.5,24.5,4900
2018-08-08,14.48045253753662,24.61000061035156,24.6200008392334,24.43000030517578,24.43000030517578,2900
2018-08-09,14.474565505981444,24.600000381469727,24.61000061035156,24.489999771118164,24.489999771118164,2500
2018-08-10,14.503985404968262,24.649999618530277,24.739999771118164,24.51000022888184,24.51000022888184,3800
2018-08-13,14.515752792358398,24.670000076293945,24.700000762939453,24.600000381469727,24.600000381469727,4500
2018-08-14,14.462798118591309,24.57999992370605,24.700000762939453,24.57999992370605,24.600000381469727,3200
2018-08-15,14.55105686187744,24.729999542236328,24.729999542236328,24.649999618530277,24.649999618530277,1200
2018-08-16,14.486336708068848,24.6200008392334,24.75,24.450000762939453,24.450000762939453,15300
2018-08-17,14.409844398498535,24.489999771118164,24.6200008392334,24.479999542236328,24.6200008392334,6100
2018-08-20,14.42749309539795,24.520000457763672,24.739999771118164,24.51000022888184,24.57999992370605,10500
2018-08-21,14.48045253753662,24.61000061035156,24.670000076293945,24.600000381469727,24.61000061035156,4700
2018-08-22,14.533403396606444,24.700000762939453,24.700000762939453,24.61000061035156,24.6299991607666,2300
2018-08-23,14.468682289123535,24.59000015258789,24.61000061035156,24.5,24.61000061035156,6300
2018-08-24,14.456914901733398,24.56999969482422,24.57999992370605,24.40999984741211,24.40999984741211,3300
2018-08-27,14.38042163848877,24.440000534057617,24.540000915527344,24.420000076293945,24.520000457763672,8300
2018-08-28,14.503985404968262,24.649999618530277,24.729999542236328,24.34000015258789,24.46999931335449,20900
2018-08-29,14.433380126953123,24.530000686645508,24.709999084472656,24.51000022888184,24.520000457763672,6600
2018-08-30,14.468682289123535,24.59000015258789,24.71999931335449,24.459999084472656,24.57999992370605,8100
2018-08-31,14.42749309539795,24.520000457763672,24.709999084472656,24.520000457763672,24.6200008392334,5700
2018-09-04,14.539287567138672,24.709999084472656,24.709999084472656,24.549999237060547,24.549999237060547,10400
2018-09-05,14.556941032409668,24.739999771118164,24.739999771118164,24.6299991607666,24.709999084472656,8600
2018-09-06,14.55105686187744,24.729999542236328,24.739999771118164,24.709999084472656,24.729999542236328,3700
2018-09-07,14.533403396606444,24.700000762939453,24.81999969482422,24.6299991607666,24.739999771118164,8300
2018-09-10,14.69815731048584,24.979999542236328,25.0,24.63999938964844,25.0,10800
2018-09-11,14.486336708068848,24.6200008392334,24.780000686645508,24.559999465942383,24.670000076293945,45700
2018-09-12,14.456914901733398,24.56999969482422,24.670000076293945,24.56999969482422,24.6200008392334,2900
2018-09-13,14.56282901763916,24.75,24.75,24.549999237060547,24.63999938964844,11800
2018-09-14,14.680506706237791,24.950000762939453,24.950000762939453,24.729999542236328,24.729999542236328,5600
2018-09-17,14.639315605163574,24.8799991607666,25.01000022888184,24.729999542236328,24.76000022888184,16800
2018-09-18,14.598130226135254,24.809999465942383,25.040000915527344,24.799999237060547,24.799999237060547,10600
2018-09-19,14.486336708068848,24.6200008392334,24.8799991607666,24.399999618530277,24.8799991607666,28800
2018-09-20,14.42749309539795,24.520000457763672,24.600000381469727,24.450000762939453,24.450000762939453,7700
2018-09-21,14.303930282592772,24.309999465942383,24.520000457763672,24.209999084472656,24.399999618530277,8400
2018-09-24,14.327469825744627,24.350000381469727,24.420000076293945,24.049999237060547,24.15999984741211,16700
2018-09-25,14.286283493041992,24.280000686645508,24.3799991607666,23.90999984741211,24.3799991607666,16600
2018-09-26,14.139178276062012,24.030000686645508,25.09000015258789,24.030000686645508,24.299999237060547,11600
2018-09-27,14.192136764526367,24.1200008392334,24.690000534057617,24.1200008392334,24.36000061035156,23700
2018-09-28,14.309812545776367,24.31999969482422,24.989999771118164,24.01000022888184,24.209999084472656,22700
2018-10-01,14.18036651611328,24.100000381469727,24.520000457763672,23.950000762939453,24.440000534057617,20900
2018-10-02,14.245089530944824,24.209999084472656,24.209999084472656,23.899999618530277,24.200000762939453,26100
2018-10-03,14.074455261230469,23.920000076293945,24.190000534057617,23.280000686645508,24.01000022888184,12700
2018-10-04,13.945008277893066,23.700000762939453,23.700000762939453,22.799999237060547,23.299999237060547,46100
2018-10-05,14.174487113952637,24.09000015258789,24.1299991607666,22.96999931335449,23.600000381469727,18900
2018-10-08,14.109763145446776,23.979999542236328,24.09000015258789,23.56999969482422,23.76000022888184,12000
2018-10-09,13.980310440063477,23.76000022888184,24.100000381469727,23.549999237060547,24.06999969482422,12600
2018-10-10,13.533133506774902,23.0,23.6200008392334,22.90999984741211,23.6200008392334,15800
2018-10-11,13.633158683776855,23.170000076293945,23.3799991607666,23.0,23.049999237060547,12600
2018-10-12,13.538756370544434,22.65999984741211,23.239999771118164,22.6299991607666,23.0,9600
2018-10-15,13.664227485656738,22.8700008392334,22.899999618530277,22.6299991607666,22.690000534057617,13300
2018-10-16,13.676176071166992,22.88999938964844,22.899999618530277,22.65999984741211,22.68000030517578,13400
2018-10-17,13.622404098510742,22.799999237060547,22.899999618530277,22.61000061035156,22.75,8700
2018-10-18,13.6463041305542,22.84000015258789,22.88999938964844,22.700000762939453,22.780000686645508,4800
2018-10-19,13.819567680358888,23.1299991607666,23.13999938964844,22.6299991607666,22.6299991607666,22200
2018-10-22,13.962965965270996,23.3700008392334,23.489999771118164,22.920000076293945,22.920000076293945,7500
2018-10-23,13.986860275268556,23.40999984741211,23.899999618530277,22.93000030517578,23.31999969482422,14300
2018-10-24,14.04660987854004,23.51000022888184,24.190000534057617,22.899999618530277,22.899999618530277,19600
2018-10-25,13.998815536499023,23.43000030517578,23.75,23.3799991607666,23.5,4700
2018-10-26,13.77774715423584,23.059999465942383,23.799999237060547,23.030000686645508,23.38999938964844,8400
2018-10-29,13.771771430969238,23.049999237060547,23.450000762939453,22.899999618530277,23.1200008392334,19800
2018-10-30,13.592533111572266,22.75,23.030000686645508,22.75,23.030000686645508,7400
2018-10-31,13.01895523071289,21.790000915527344,23.11000061035156,21.790000915527344,22.75,229800
2018-11-01,13.156376838684082,22.020000457763672,22.09000015258789,21.86000061035156,22.0,101000
2018-11-02,13.138446807861328,21.989999771118164,22.21999931335449,21.96999931335449,22.07999992370605,11500
2018-11-05,13.234046936035156,22.149999618530277,22.209999084472656,22.0,22.0,19600
2018-11-06,13.287817001342772,22.239999771118164,22.270000457763672,22.149999618530277,22.190000534057617,16700
2018-11-07,13.329639434814451,22.309999465942383,22.489999771118164,22.290000915527344,22.290000915527344,17600
2018-11-08,13.377443313598633,22.38999938964844,22.43000030517578,22.309999465942383,22.40999984741211,6300
2018-11-09,13.34756851196289,22.34000015258789,22.40999984741211,22.229999542236328,22.309999465942383,16300
2018-11-12,13.29976749420166,22.26000022888184,22.3700008392334,22.21999931335449,22.3700008392334,15400
2018-11-13,13.317693710327148,22.290000915527344,22.32999992370605,22.25,22.32999992370605,9100
2018-11-14,13.263919830322266,22.200000762939453,22.36000061035156,22.100000381469727,22.32999992370605,29800
2018-11-15,13.084675788879396,21.899999618530277,22.21999931335449,21.850000381469727,22.21999931335449,39100
2018-11-16,12.971158981323242,21.709999084472656,21.899999618530277,21.540000915527344,21.84000015258789,44900
2018-11-19,12.905437469482422,21.600000381469727,21.790000915527344,21.559999465942383,21.780000686645508,19300
2018-11-20,12.803865432739258,21.43000030517578,21.729999542236328,21.299999237060547,21.59000015258789,22800
2018-11-21,12.929332733154297,21.63999938964844,21.770000457763672,21.290000915527344,21.399999618530277,20700
2018-11-23,12.815815925598145,21.450000762939453,21.540000915527344,21.149999618530277,21.280000686645508,4800
2018-11-26,12.941283226013184,21.65999984741211,21.76000022888184,21.43000030517578,21.43000030517578,48700
2018-11-27,12.905437469482422,21.600000381469727,21.690000534057617,21.350000381469727,21.690000534057617,16700
2018-11-28,12.732168197631836,21.309999465942383,21.600000381469727,21.21999931335449,21.600000381469727,10200
2018-11-29,12.284063339233398,20.559999465942383,21.26000022888184,20.40999984741211,21.049999237060547,80900
2018-11-30,12.027145385742188,20.1299991607666,20.81999969482422,19.770000457763672,20.31999969482422,105200
2018-12-03,12.080923080444336,20.21999931335449,20.56999969482422,20.149999618530277,20.149999618530277,38700
2018-12-04,11.638789176940918,19.479999542236328,20.690000534057617,19.3700008392334,20.1299991607666,104300
2018-12-06,11.6925630569458,19.56999969482422,19.68000030517578,17.549999237060547,18.170000076293945,215500
2018-12-07,11.501371383666992,19.25,19.56999969482422,19.059999465942383,19.399999618530277,71900
2018-12-10,12.057022094726562,20.18000030517578,20.209999084472656,19.209999084472656,19.350000381469727,136200
2018-12-11,12.104822158813477,20.26000022888184,20.3799991607666,19.59000015258789,20.209999084472656,224400
2018-12-12,12.475252151489258,20.8799991607666,20.989999771118164,20.020000457763672,20.020000457763672,116000
2018-12-13,12.403555870056152,20.76000022888184,20.96999931335449,20.5,20.76000022888184,51900
2018-12-14,12.427456855773926,20.799999237060547,20.940000534057617,20.600000381469727,20.600000381469727,44500
2018-12-17,12.20041561126709,20.420000076293945,20.809999465942383,20.309999465942383,20.63999938964844,46500
2018-12-18,12.021177291870115,20.1200008392334,20.43000030517578,20.0,20.43000030517578,59300
2018-12-19,12.05104923248291,20.170000076293945,20.34000015258789,20.049999237060547,20.149999618530277,29200
2018-12-20,11.961426734924316,20.020000457763672,20.149999618530277,19.799999237060547,19.84000015258789,44100
2018-12-21,11.644766807556152,19.489999771118164,19.90999984741211,18.63999938964844,19.90999984741211,41400
2018-12-24,11.47149658203125,19.200000762939453,19.450000762939453,18.75,19.13999938964844,28700
2018-12-26,11.644766807556152,19.489999771118164,20.170000076293945,19.18000030517578,19.18000030517578,33200
2018-12-27,11.650738716125488,19.5,19.600000381469727,19.149999618530277,19.540000915527344,45100
2018-12-28,11.901679039001465,19.920000076293945,20.020000457763672,19.32999992370605,19.5,56400
2018-12-31,12.06299877166748,20.190000534057617,20.440000534057617,19.799999237060547,19.920000076293945,35400
2019-01-02,12.110794067382812,20.270000457763672,20.520000457763672,19.899999618530277,20.09000015258789,28100
2019-01-03,12.176512718200684,20.3799991607666,20.43000030517578,19.790000915527344,20.229999542236328,56100
2019-01-04,12.487201690673828,20.899999618530277,21.31999969482422,20.299999237060547,20.299999237060547,35200
2019-01-07,12.3975830078125,20.75,21.280000686645508,20.51000022888184,21.0,48200
2019-01-08,12.487201690673828,20.899999618530277,20.979999542236328,20.549999237060547,20.76000022888184,44000
2019-01-09,12.337834358215332,20.649999618530277,20.950000762939453,20.479999542236328,20.950000762939453,44500
2019-01-10,12.3975830078125,20.75,20.780000686645508,20.26000022888184,20.46999931335449,69300
2019-01-11,12.582801818847656,21.059999465942383,21.18000030517578,20.65999984741211,20.700000762939453,38700
2019-01-14,12.626547813415527,20.780000686645508,21.049999237060547,20.649999618530277,20.780000686645508,58100
2019-01-15,12.64477825164795,20.809999465942383,20.979999542236328,20.68000030517578,20.809999465942383,33400
2019-01-16,12.64477825164795,20.809999465942383,20.950000762939453,20.700000762939453,20.709999084472656,17200
2019-01-17,12.711617469787598,20.920000076293945,20.979999542236328,20.770000457763672,20.850000381469727,34200
2019-01-18,12.954667091369627,21.31999969482422,21.31999969482422,20.770000457763672,20.989999771118164,81000
2019-01-22,12.857446670532228,21.15999984741211,21.3799991607666,21.059999465942383,21.25,39300
2019-01-23,12.906057357788086,21.239999771118164,21.32999992370605,21.07999992370605,21.07999992370605,56300
2019-01-24,12.857446670532228,21.15999984741211,21.270000457763672,21.11000061035156,21.1299991607666,15700
2019-01-25,12.96074676513672,21.32999992370605,21.36000061035156,21.149999618530277,21.149999618530277,44100
2019-01-28,12.97289752960205,21.350000381469727,21.399999618530277,21.100000381469727,21.309999465942383,103600
2019-01-29,12.918207168579102,21.26000022888184,21.540000915527344,21.149999618530277,21.350000381469727,320500
2019-01-30,12.918207168579102,21.26000022888184,21.40999984741211,21.149999618530277,21.350000381469727,124500
2019-01-31,12.875676155090332,21.190000534057617,21.489999771118164,21.18000030517578,21.34000015258789,289400
2019-02-01,12.96074676513672,21.32999992370605,21.450000762939453,21.170000076293945,21.350000381469727,16500
2019-02-04,13.16733741760254,21.670000076293945,21.729999542236328,21.350000381469727,21.40999984741211,27100
2019-02-05,13.325322151184082,21.93000030517578,21.950000762939453,21.459999084472656,21.530000686645508,27800
2019-02-06,13.215950012207031,21.75,21.989999771118164,21.530000686645508,21.989999771118164,22200
2019-02-07,13.282792091369627,21.86000061035156,21.979999542236328,21.56999969482422,21.670000076293945,17700
2019-02-08,13.47115421295166,22.170000076293945,22.18000030517578,21.75,21.8700008392334,23000
2019-02-11,13.580525398254396,22.350000381469727,22.440000534057617,22.049999237060547,22.049999237060547,19100
2019-02-12,13.73243522644043,22.600000381469727,22.959999084472656,22.399999618530277,22.440000534057617,15500
2019-02-13,13.951180458068848,22.959999084472656,22.959999084472656,22.59000015258789,22.6299991607666,28700
2019-02-14,13.951180458068848,22.959999084472656,23.13999938964844,22.799999237060547,23.0,21500
2019-02-15,14.267148971557615,23.479999542236328,23.479999542236328,22.989999771118164,23.0,17800
2019-02-19,14.066632270812988,23.149999618530277,23.479999542236328,23.1299991607666,23.239999771118164,14500
2019-02-20,14.097012519836426,23.200000762939453,23.38999938964844,23.200000762939453,23.200000762939453,15200
2019-02-21,13.890419006347656,22.86000061035156,23.209999084472656,22.850000381469727,23.200000762939453,10500
2019-02-22,13.884343147277832,22.850000381469727,23.1299991607666,22.809999465942383,23.0,20300
2019-02-25,13.926876068115234,22.920000076293945,23.1299991607666,22.88999938964844,23.100000381469727,26900
2019-02-26,13.957255363464355,22.96999931335449,23.100000381469727,22.96999931335449,23.0,22300
2019-02-27,13.981559753417969,23.01000022888184,23.280000686645508,22.799999237060547,23.200000762939453,31200
2019-02-28,13.799274444580078,22.709999084472656,23.0,22.709999084472656,23.0,36300
2019-03-01,13.610909461975098,22.399999618530277,22.84000015258789,22.239999771118164,22.84000015258789,43100
2019-03-04,13.519762992858888,22.25,22.65999984741211,22.149999618530277,22.399999618530277,23300
2019-03-05,13.422540664672852,22.09000015258789,22.25,22.040000915527344,22.25,42300
2019-03-06,13.446847915649414,22.1299991607666,22.229999542236328,22.06999969482422,22.09000015258789,40700
2019-03-07,13.367856979370115,22.0,22.149999618530277,21.850000381469727,22.13999938964844,28600
2019-03-08,13.215950012207031,21.75,22.059999465942383,21.649999618530277,21.940000534057617,35300
2019-03-11,13.16733741760254,21.670000076293945,21.989999771118164,21.399999618530277,21.899999618530277,71800
2019-03-12,13.246333122253418,21.799999237060547,21.84000015258789,21.68000030517578,21.71999931335449,9200
2019-03-13,13.380010604858398,22.020000457763672,22.229999542236328,21.850000381469727,21.850000381469727,43000
2019-03-14,13.416465759277344,22.07999992370605,22.25,22.020000457763672,22.020000457763672,32200
2019-03-15,13.513689994812012,22.239999771118164,22.3799991607666,22.100000381469727,22.100000381469727,43100
2019-03-18,13.67774486541748,22.51000022888184,22.649999618530277,22.299999237060547,22.299999237060547,21600
2019-03-19,13.689902305603027,22.530000686645508,22.670000076293945,22.5,22.5,21600
2019-03-20,13.762818336486816,22.649999618530277,22.670000076293945,22.489999771118164,22.59000015258789,30200
2019-03-21,13.884343147277832,22.850000381469727,23.0,22.709999084472656,23.0,19300
2019-03-22,13.73243522644043,22.600000381469727,22.809999465942383,22.600000381469727,22.700000762939453,14600
2019-03-25,13.823579788208008,22.75,22.790000915527344,22.540000915527344,22.780000686645508,23200
2019-03-26,13.884343147277832,22.850000381469727,22.850000381469727,22.68000030517578,22.739999771118164,29600
2019-03-27,13.841809272766112,22.780000686645508,22.979999542236328,22.729999542236328,22.979999542236328,35600
2019-03-28,13.835731506347656,22.770000457763672,22.940000534057617,22.68000030517578,22.940000534057617,42200
2019-03-29,14.08485984802246,23.18000030517578,23.18000030517578,22.770000457763672,22.799999237060547,69800
2019-04-01,14.212462425231934,23.38999938964844,23.479999542236328,23.059999465942383,23.18000030517578,52000
2019-04-02,13.495460510253906,22.209999084472656,22.920000076293945,22.200000762939453,22.59000015258789,130200
2019-04-03,12.930364608764648,21.280000686645508,22.200000762939453,20.940000534057617,22.200000762939453,185100
2019-04-04,12.991125106811523,21.3799991607666,21.76000022888184,21.280000686645508,21.280000686645508,75500
2019-04-05,12.88782787322998,21.209999084472656,21.68000030517578,21.11000061035156,21.559999465942383,64200
2019-04-08,12.827067375183104,21.11000061035156,21.420000076293945,20.8799991607666,21.34000015258789,100400
2019-04-09,12.906057357788086,21.239999771118164,21.399999618530277,21.170000076293945,21.200000762939453,43300
2019-04-10,13.355704307556152,21.979999542236328,22.170000076293945,21.3799991607666,21.3799991607666,46500
2019-04-11,13.45900058746338,22.149999618530277,22.43000030517578,22.059999465942383,22.32999992370605,39000
2019-04-12,13.614595413208008,22.049999237060547,22.15999984741211,22.0,22.15999984741211,23000
2019-04-15,13.633118629455566,22.07999992370605,22.07999992370605,21.90999984741211,22.07999992370605,32300
2019-04-16,13.602248191833496,22.030000686645508,22.149999618530277,21.959999084472656,22.100000381469727,40300
2019-04-17,13.417015075683594,21.729999542236328,22.01000022888184,21.40999984741211,22.0,37200
2019-04-18,13.454061508178713,21.790000915527344,21.899999618530277,21.600000381469727,21.899999618530277,34800
2019-04-22,13.34909725189209,21.6200008392334,21.899999618530277,21.5,21.899999618530277,30600
2019-04-23,13.398492813110352,21.700000762939453,21.799999237060547,21.559999465942383,21.559999465942383,33800
2019-04-24,13.324397087097168,21.57999992370605,21.700000762939453,21.549999237060547,21.65999984741211,22700
2019-04-25,13.324397087097168,21.57999992370605,21.690000534057617,21.51000022888184,21.690000534057617,19100
2019-04-26,13.15769100189209,21.309999465942383,21.68000030517578,21.1200008392334,21.68000030517578,39500
2019-04-29,13.213261604309082,21.399999618530277,21.549999237060547,21.399999618530277,21.549999237060547,21100
2019-04-30,13.275005340576172,21.5,21.5,21.270000457763672,21.299999237060547,46700
2019-05-01,13.342924118041992,21.61000061035156,21.75,21.440000534057617,21.75,29400
2019-05-02,13.478758811950684,21.82999992370605,21.920000076293945,21.71999931335449,21.799999237060547,25200
2019-05-03,13.460238456726074,21.799999237060547,21.93000030517578,21.75,21.899999618530277,30200
2019-05-06,13.460238456726074,21.799999237060547,21.93000030517578,21.61000061035156,21.799999237060547,23600
2019-05-07,13.36762237548828,21.649999618530277,21.809999465942383,21.600000381469727,21.709999084472656,10000
2019-05-08,13.404667854309082,21.709999084472656,21.8700008392334,21.600000381469727,21.68000030517578,20900
2019-05-09,13.559026718139648,21.959999084472656,22.06999969482422,21.809999465942383,21.899999618530277,26900
2019-05-10,13.491113662719728,21.850000381469727,21.959999084472656,21.489999771118164,21.489999771118164,18100
2019-05-13,13.460238456726074,21.799999237060547,21.799999237060547,21.600000381469727,21.75,14400
2019-05-14,13.534334182739258,21.920000076293945,21.979999542236328,21.850000381469727,21.86000061035156,19900
2019-05-15,13.552852630615234,21.950000762939453,22.0,21.82999992370605,21.959999084472656,35900
2019-05-16,13.633118629455566,22.07999992370605,22.07999992370605,21.899999618530277,21.920000076293945,15700
2019-05-17,13.417015075683594,21.729999542236328,21.979999542236328,21.690000534057617,21.979999542236328,17800
2019-05-20,12.848969459533691,20.809999465942383,21.68000030517578,20.729999542236328,21.65999984741211,59400
2019-05-21,13.09594440460205,21.209999084472656,21.450000762939453,20.899999618530277,20.899999618530277,26700
2019-05-22,13.275005340576172,21.5,21.59000015258789,21.309999465942383,21.309999465942383,26000
2019-05-23,13.213261604309082,21.399999618530277,21.57999992370605,21.200000762939453,21.399999618530277,29300
2019-05-24,13.194738388061523,21.3700008392334,21.559999465942383,21.21999931335449,21.559999465942383,39300
2019-05-28,13.170040130615234,21.32999992370605,21.57999992370605,21.299999237060547,21.3799991607666,31100
2019-05-29,12.96628189086914,21.0,21.5,20.899999618530277,21.5,57000
2019-05-30,13.077422142028809,21.18000030517578,21.299999237060547,20.8700008392334,21.0,25100
2019-05-31,13.287353515625,21.520000457763672,21.530000686645508,21.149999618530277,21.15999984741211,13100
2019-06-03,13.213261604309082,21.399999618530277,21.649999618530277,21.350000381469727,21.57999992370605,12700
2019-06-04,13.417015075683594,21.729999542236328,21.790000915527344,21.3799991607666,21.63999938964844,13600
2019-06-05,13.34909725189209,21.6200008392334,21.729999542236328,21.57999992370605,21.729999542236328,14100
2019-06-06,13.472585678100586,21.81999969482422,21.850000381469727,21.600000381469727,21.65999984741211,17200
2019-06-07,13.472585678100586,21.81999969482422,21.899999618530277,21.700000762939453,21.700000762939453,8100
2019-06-10,13.37996768951416,21.670000076293945,21.799999237060547,21.65999984741211,21.790000915527344,12300
2019-06-11,13.417015075683594,21.729999542236328,21.790000915527344,21.5,21.670000076293945,18800
2019-06-12,13.398492813110352,21.700000762939453,21.709999084472656,21.51000022888184,21.709999084472656,7200
2019-06-13,13.244134902954102,21.450000762939453,21.780000686645508,21.40999984741211,21.700000762939453,56200
2019-06-14,13.08359718322754,21.190000534057617,21.479999542236328,21.059999465942383,21.450000762939453,19300
2019-06-17,13.25030517578125,21.459999084472656,21.549999237060547,21.309999465942383,21.549999237060547,21200
2019-06-18,13.478758811950684,21.82999992370605,21.82999992370605,21.59000015258789,21.600000381469727,20300
2019-06-19,13.34909725189209,21.6200008392334,22.0,21.6200008392334,21.82999992370605,28600
2019-06-20,13.614595413208008,22.049999237060547,22.07999992370605,21.739999771118164,21.75,27000
2019-06-21,13.614595413208008,22.049999237060547,22.100000381469727,22.020000457763672,22.07999992370605,33600
2019-06-24,13.583725929260254,22.0,22.049999237060547,21.93000030517578,22.0,19400
2019-06-25,13.725738525390623,22.229999542236328,22.25,21.899999618530277,21.899999618530277,20800
2019-06-26,13.626943588256836,22.06999969482422,22.229999542236328,22.030000686645508,22.229999542236328,26000
2019-06-27,13.491113662719728,21.850000381469727,22.25,21.6200008392334,22.18000030517578,69100
2019-06-28,13.447887420654297,21.780000686645508,21.8799991607666,21.71999931335449,21.850000381469727,16400
2019-07-01,13.466410636901855,21.809999465942383,21.93000030517578,21.780000686645508,21.88999938964844,15600
2019-07-02,13.583725929260254,22.0,22.0,21.809999465942383,21.84000015258789,17100
2019-07-03,13.719563484191896,22.21999931335449,22.229999542236328,21.959999084472656,22.049999237060547,15400
2019-07-05,13.725738525390623,22.229999542236328,22.31999969482422,22.21999931335449,22.299999237060547,31800
2019-07-08,13.70721435546875,22.200000762939453,22.31999969482422,22.170000076293945,22.280000686645508,17400
2019-07-09,13.694865226745604,22.18000030517578,22.31999969482422,22.01000022888184,22.270000457763672,72100
2019-07-10,13.657817840576172,22.1200008392334,22.229999542236328,22.1200008392334,22.229999542236328,16900
2019-07-11,13.688690185546877,22.170000076293945,22.229999542236328,22.149999618530277,22.18000030517578,19100
2019-07-12,13.765233993530272,21.940000534057617,22.06999969482422,21.90999984741211,21.989999771118164,22600
2019-07-15,13.777780532836914,21.959999084472656,22.100000381469727,21.799999237060547,21.899999618530277,25400
2019-07-16,13.92835807800293,22.200000762939453,22.200000762939453,22.030000686645508,22.049999237060547,42500
2019-07-17,13.991100311279297,22.299999237060547,22.350000381469727,22.1299991607666,22.200000762939453,242000
2019-07-18,14.003647804260254,22.31999969482422,22.5,22.299999237060547,22.299999237060547,25100
2019-07-19,14.003647804260254,22.31999969482422,22.489999771118164,22.31999969482422,22.489999771118164,47500
2019-07-22,14.116580963134766,22.5,22.5,22.350000381469727,22.450000762939453,25900
2019-07-23,14.154221534729004,22.559999465942383,22.600000381469727,22.549999237060547,22.59000015258789,19800
2019-07-24,14.13540267944336,22.530000686645508,22.71999931335449,22.5,22.63999938964844,29700
2019-07-25,14.028745651245115,22.36000061035156,22.559999465942383,22.25,22.530000686645508,78900
2019-07-26,13.991100311279297,22.299999237060547,22.3799991607666,22.190000534057617,22.309999465942383,123300
2019-07-29,13.997371673583984,22.309999465942383,22.420000076293945,22.21999931335449,22.31999969482422,107500
2019-07-30,14.11030387878418,22.489999771118164,22.489999771118164,22.350000381469727,22.38999938964844,21000
2019-07-31,14.003647804260254,22.31999969482422,22.549999237060547,22.299999237060547,22.489999771118164,167800
2019-08-01,14.09148406982422,22.459999084472656,22.559999465942383,22.40999984741211,22.40999984741211,21200
2019-08-02,14.26715850830078,22.739999771118164,22.739999771118164,22.5,22.520000457763672,45700
2019-08-05,14.12285041809082,22.51000022888184,22.600000381469727,22.479999542236328,22.600000381469727,54500
2019-08-06,14.160497665405272,22.56999969482422,22.600000381469727,22.40999984741211,22.479999542236328,45700
2019-08-07,14.17931842803955,22.600000381469727,22.6299991607666,22.51000022888184,22.530000686645508,65100
2019-08-08,14.242060661315918,22.700000762939453,22.739999771118164,22.549999237060547,22.549999237060547,58300
2019-08-09,14.424005508422852,22.989999771118164,22.989999771118164,22.700000762939453,22.700000762939453,8300
2019-08-12,14.474198341369627,23.06999969482422,23.09000015258789,22.8799991607666,22.8799991607666,28100
2019-08-13,14.461651802062988,23.049999237060547,23.149999618530277,22.920000076293945,23.06999969482422,36800
2019-08-14,14.587132453918455,23.25,23.34000015258789,23.0,23.0,33800
2019-08-15,14.562036514282228,23.209999084472656,23.420000076293945,23.049999237060547,23.239999771118164,31800
2019-08-16,14.536940574645996,23.170000076293945,23.200000762939453,23.049999237060547,23.200000762939453,20100
2019-08-19,14.643596649169922,23.34000015258789,23.3700008392334,23.170000076293945,23.170000076293945,16400
2019-08-20,14.5118408203125,23.1299991607666,23.40999984741211,23.049999237060547,23.34000015258789,39200
2019-08-21,14.599682807922363,23.270000457763672,23.309999465942383,23.200000762939453,23.200000762939453,7700
2019-08-22,14.706338882446287,23.440000534057617,23.440000534057617,23.350000381469727,23.3700008392334,15400
2019-08-23,14.599682807922363,23.270000457763672,23.38999938964844,23.239999771118164,23.309999465942383,33500
2019-08-26,14.530668258666992,23.15999984741211,23.26000022888184,23.100000381469727,23.26000022888184,132700
2019-08-27,14.530668258666992,23.15999984741211,23.18000030517578,22.82999992370605,23.149999618530277,137400
2019-08-28,14.700066566467283,23.43000030517578,23.5,23.200000762939453,23.200000762939453,44800
2019-08-29,14.737709999084473,23.489999771118164,23.489999771118164,23.299999237060547,23.350000381469727,50600
2019-08-30,14.781624794006348,23.559999465942383,23.559999465942383,23.450000762939453,23.5,43500
2019-09-03,14.994942665100098,23.899999618530277,23.940000534057617,23.549999237060547,23.559999465942383,26400
2019-09-04,15.283550262451172,24.36000061035156,24.3799991607666,23.809999465942383,23.8799991607666,45100
2019-09-05,15.120426177978516,24.100000381469727,24.399999618530277,24.100000381469727,24.299999237060547,50800
2019-09-06,14.969849586486816,23.86000061035156,24.100000381469727,23.600000381469727,24.09000015258789,43300
2019-09-09,14.888288497924805,23.729999542236328,23.799999237060547,23.709999084472656,23.799999237060547,20200
2019-09-10,14.81299877166748,23.61000061035156,23.700000762939453,23.530000686645508,23.700000762939453,26600
2019-09-11,15.120426177978516,24.100000381469727,24.26000022888184,23.600000381469727,23.600000381469727,37500
2019-09-12,15.21453857421875,24.25,24.34000015258789,24.11000061035156,24.11000061035156,35700
2019-09-13,15.057686805725098,24.0,24.229999542236328,23.809999465942383,24.209999084472656,28400
2019-09-16,15.264732360839844,24.32999992370605,24.3799991607666,24.149999618530277,24.149999618530277,36100
2019-09-17,15.346290588378906,24.459999084472656,24.61000061035156,24.36000061035156,24.36000061035156,57500
2019-09-18,15.327466011047363,24.43000030517578,24.43000030517578,24.32999992370605,24.399999618530277,30900
2019-09-19,15.164342880249023,24.170000076293945,24.32999992370605,24.11000061035156,24.309999465942383,25700
2019-09-20,15.183165550231934,24.200000762939453,24.299999237060547,23.96999931335449,24.170000076293945,81500
2019-09-23,15.1517972946167,24.149999618530277,24.25,24.100000381469727,24.200000762939453,39300
2019-09-24,15.158068656921388,24.15999984741211,24.229999542236328,24.100000381469727,24.149999618530277,19900
2019-09-25,15.208259582519531,24.239999771118164,24.25,24.1200008392334,24.170000076293945,31500
2019-09-26,15.158068656921388,24.15999984741211,24.309999465942383,24.100000381469727,24.299999237060547,15700
2019-09-27,15.239629745483398,24.290000915527344,24.290000915527344,24.100000381469727,24.280000686645508,40400
2019-09-30,15.089056968688965,24.049999237060547,24.26000022888184,23.899999618530277,23.920000076293945,88600
2019-10-01,15.120426177978516,24.100000381469727,24.21999931335449,24.049999237060547,24.049999237060547,58900
2019-10-02,15.089056968688965,24.049999237060547,24.209999084472656,24.049999237060547,24.200000762939453,32200
2019-10-03,15.089056968688965,24.049999237060547,24.1200008392334,24.049999237060547,24.09000015258789,21000
2019-10-04,15.132976531982422,24.1200008392334,24.21999931335449,24.01000022888184,24.209999084472656,32900
2019-10-07,15.427851676940918,24.59000015258789,24.59000015258789,24.1299991607666,24.15999984741211,20400
2019-10-08,15.452951431274414,24.6299991607666,24.6299991607666,24.5,24.61000061035156,47500
2019-10-09,15.459217071533203,24.63999938964844,24.75,24.6299991607666,24.6299991607666,19100
2019-10-10,15.59097385406494,24.850000381469727,24.88999938964844,24.61000061035156,24.61000061035156,13000
2019-10-11,15.59225082397461,24.5,24.729999542236328,24.350000381469727,24.729999542236328,42700
2019-10-14,15.477694511413574,24.31999969482422,24.600000381469727,24.25,24.5,34000
2019-10-15,15.528611183166504,24.399999618530277,24.68000030517578,24.3700008392334,24.3799991607666,55900
2019-10-16,15.630435943603516,24.559999465942383,24.600000381469727,24.36000061035156,24.40999984741211,26100
2019-10-17,15.649527549743652,24.59000015258789,24.59000015258789,24.43000030517578,24.59000015258789,22000
2019-10-18,15.64316177368164,24.57999992370605,24.61000061035156,24.549999237060547,24.600000381469727,15200
2019-10-21,15.719532012939451,24.700000762939453,24.780000686645508,24.63999938964844,24.63999938964844,54600
2019-10-22,15.66226291656494,24.61000061035156,24.68000030517578,24.600000381469727,24.68000030517578,18700
2019-10-23,15.547698974609377,24.43000030517578,24.690000534057617,24.36000061035156,24.600000381469727,41200
2019-10-24,15.814998626708984,24.850000381469727,24.86000061035156,24.450000762939453,24.450000762939453,30500
2019-10-25,15.770450592041016,24.780000686645508,24.81999969482422,24.6200008392334,24.81999969482422,17900
2019-10-28,15.78954029083252,24.809999465942383,24.93000030517578,24.68000030517578,24.780000686645508,16300
2019-10-29,15.65589427947998,24.600000381469727,24.809999465942383,24.600000381469727,24.809999465942383,13700
2019-10-30,15.579520225524902,24.479999542236328,24.63999938964844,24.479999542236328,24.600000381469727,29200
2019-10-31,15.528611183166504,24.399999618530277,24.709999084472656,24.38999938964844,24.56999969482422,85200
2019-11-01,15.687711715698242,24.649999618530277,24.790000915527344,24.530000686645508,24.559999465942383,13800
2019-11-04,15.65589427947998,24.600000381469727,24.700000762939453,24.530000686645508,24.670000076293945,14100
2019-11-05,15.604979515075684,24.520000457763672,24.600000381469727,24.459999084472656,24.51000022888184,194500
2019-11-06,15.598613739013672,24.51000022888184,24.700000762939453,24.459999084472656,24.489999771118164,15600
2019-11-07,15.477694511413574,24.31999969482422,24.649999618530277,24.149999618530277,24.57999992370605,40800
2019-11-08,15.471330642700195,24.309999465942383,24.5,24.030000686645508,24.31999969482422,27900
2019-11-11,15.274038314819336,24.0,24.31999969482422,23.920000076293945,24.309999465942383,26200
2019-11-12,15.35041332244873,24.1200008392334,24.26000022888184,23.75,24.0,26900
2019-11-13,15.522242546081545,24.38999938964844,24.479999542236328,24.170000076293945,24.25,22900
2019-11-14,15.617709159851074,24.540000915527344,24.670000076293945,24.38999938964844,24.38999938964844,19800
2019-11-15,15.598613739013672,24.51000022888184,24.63999938964844,24.38999938964844,24.540000915527344,35500
2019-11-18,15.687711715698242,24.649999618530277,24.649999618530277,24.450000762939453,24.5,45200
2019-11-19,15.674983978271484,24.6299991607666,24.75,24.32999992370605,24.690000534057617,87100
2019-11-20,15.74499225616455,24.739999771118164,24.739999771118164,24.520000457763672,24.690000534057617,15800
2019-11-21,15.687711715698242,24.649999618530277,24.729999542236328,24.56999969482422,24.700000762939453,7600
2019-11-22,15.687711715698242,24.649999618530277,24.649999618530277,24.520000457763672,24.63999938964844,35000
2019-11-25,15.65589427947998,24.600000381469727,24.649999618530277,24.549999237060547,24.63999938964844,89900
2019-11-26,15.547698974609377,24.43000030517578,24.6200008392334,24.420000076293945,24.61000061035156,17500
2019-11-27,15.40768814086914,24.209999084472656,24.549999237060547,24.209999084472656,24.549999237060547,16800
2019-11-29,15.35041332244873,24.1200008392334,24.5,24.059999465942383,24.38999938964844,60400
2019-12-02,15.165849685668944,23.82999992370605,24.51000022888184,23.75,24.100000381469727,31900
2019-12-03,15.401324272155762,24.200000762939453,24.25,23.86000061035156,23.93000030517578,25700
2019-12-04,15.439512252807615,24.26000022888184,24.43000030517578,24.11000061035156,24.200000762939453,18900
2019-12-05,15.33768081665039,24.100000381469727,24.26000022888184,23.979999542236328,24.26000022888184,21300
2019-12-06,15.363139152526855,24.13999938964844,24.26000022888184,24.01000022888184,24.200000762939453,9200
2019-12-09,15.35041332244873,24.1200008392334,24.450000762939453,24.11000061035156,24.200000762939453,12200
2019-12-10,15.30586051940918,24.049999237060547,24.26000022888184,24.049999237060547,24.25,15300
2019-12-11,15.33768081665039,24.100000381469727,24.43000030517578,24.030000686645508,24.13999938964844,7600
2019-12-12,15.503150939941406,24.36000061035156,24.3700008392334,24.200000762939453,24.26000022888184,25200
2019-12-13,15.834086418151855,24.8799991607666,24.8799991607666,24.3799991607666,24.399999618530277,23000
2019-12-16,15.783177375793455,24.799999237060547,24.850000381469727,24.68000030517578,24.850000381469727,24900
2019-12-17,15.783177375793455,24.799999237060547,24.799999237060547,24.68000030517578,24.799999237060547,26800
2019-12-18,15.814998626708984,24.850000381469727,24.850000381469727,24.68000030517578,24.780000686645508,11200
2019-12-19,15.814998626708984,24.850000381469727,24.899999618530277,24.649999618530277,24.76000022888184,45500
2019-12-20,15.770450592041016,24.780000686645508,24.940000534057617,24.780000686645508,24.899999618530277,30700
2019-12-23,15.846816062927246,24.899999618530277,24.899999618530277,24.75,24.780000686645508,37000
2019-12-24,15.840453147888184,24.88999938964844,24.899999618530277,24.75,24.809999465942383,3900
2019-12-26,15.808631896972656,24.84000015258789,24.88999938964844,24.790000915527344,24.799999237060547,11600
2019-12-27,15.840453147888184,24.88999938964844,24.88999938964844,24.84000015258789,24.84000015258789,13700
2019-12-30,15.808631896972656,24.84000015258789,24.88999938964844,24.799999237060547,24.88999938964844,7900
2019-12-31,15.751357078552246,24.75,24.8799991607666,24.75,24.8799991607666,24500
2020-01-02,15.878640174865724,24.950000762939453,24.950000762939453,24.75,24.780000686645508,10800
2020-01-03,15.91046142578125,25.0,25.270000457763672,24.940000534057617,24.950000762939453,31800
2020-01-06,16.01228904724121,25.15999984741211,25.200000762939453,24.959999084472656,24.96999931335449,20700
2020-01-07,16.10774803161621,25.309999465942383,25.34000015258789,25.07999992370605,25.149999618530277,34500
2020-01-08,16.215940475463867,25.479999542236328,25.549999237060547,25.07999992370605,25.100000381469727,36200
2020-01-09,16.184118270874023,25.43000030517578,25.43000030517578,25.25,25.43000030517578,13400
2020-01-10,16.158660888671875,25.38999938964844,25.399999618530277,25.26000022888184,25.34000015258789,13300
2020-01-13,16.114110946655273,25.31999969482422,25.350000381469727,25.200000762939453,25.350000381469727,35300
2020-01-14,16.121856689453125,24.979999542236328,25.0,24.90999984741211,25.0,21400
2020-01-15,16.167034149169922,25.049999237060547,25.100000381469727,24.850000381469727,24.850000381469727,35600
2020-01-16,16.309024810791016,25.270000457763672,25.3799991607666,24.989999771118164,25.049999237060547,66000
2020-01-17,16.283205032348633,25.229999542236328,25.270000457763672,25.020000457763672,25.25,56600
2020-01-21,16.263843536376953,25.200000762939453,25.229999542236328,25.049999237060547,25.190000534057617,11000
2020-01-22,16.496187210083008,25.559999465942383,25.63999938964844,25.190000534057617,25.229999542236328,48700
2020-01-23,16.392925262451172,25.399999618530277,25.540000915527344,25.26000022888184,25.440000534057617,29200
2020-01-24,16.315473556518555,25.280000686645508,25.43000030517578,25.21999931335449,25.21999931335449,8300
2020-01-27,16.309024810791016,25.270000457763672,25.350000381469727,25.200000762939453,25.280000686645508,42200
2020-01-28,16.296112060546875,25.25,25.270000457763672,25.149999618530277,25.18000030517578,40300
2020-01-29,16.289661407470703,25.239999771118164,25.239999771118164,25.01000022888184,25.209999084472656,32800
2020-01-30,16.276752471923828,25.21999931335449,25.25,25.149999618530277,25.149999618530277,32000
2020-01-31,16.10249900817871,24.950000762939453,25.200000762939453,24.950000762939453,25.200000762939453,39900
2020-02-03,16.25739097595215,25.190000534057617,25.190000534057617,24.989999771118164,25.049999237060547,23300
2020-02-04,16.154129028320312,25.030000686645508,25.190000534057617,24.989999771118164,25.0,27000
2020-02-05,16.218666076660156,25.1299991607666,25.149999618530277,25.040000915527344,25.040000915527344,19700
2020-02-06,16.263843536376953,25.200000762939453,25.200000762939453,25.049999237060547,25.1299991607666,9800
2020-02-07,16.2380313873291,25.15999984741211,25.25,25.1299991607666,25.25,16400
2020-02-10,16.244482040405273,25.170000076293945,25.200000762939453,25.13999938964844,25.13999938964844,11500
2020-02-11,16.23157501220703,25.149999618530277,25.25,25.07999992370605,25.170000076293945,28200
2020-02-12,16.192853927612305,25.09000015258789,25.149999618530277,25.07999992370605,25.09000015258789,12300
2020-02-13,16.25739097595215,25.190000534057617,25.239999771118164,25.11000061035156,25.149999618530277,6900
2020-02-14,16.289661407470703,25.239999771118164,25.25,25.149999618530277,25.15999984741211,15500
2020-02-18,16.244482040405273,25.170000076293945,25.239999771118164,25.07999992370605,25.239999771118164,8800
2020-02-19,16.096038818359375,24.940000534057617,25.170000076293945,24.940000534057617,25.07999992370605,41200
2020-02-20,16.17994499206543,25.06999969482422,25.09000015258789,24.88999938964844,24.899999618530277,17600
2020-02-21,16.128311157226562,24.989999771118164,25.09000015258789,24.959999084472656,25.0,12700
2020-02-24,15.812071800231934,24.5,25.0,24.5,25.0,29600
2020-02-25,15.824979782104492,24.520000457763672,24.8700008392334,24.520000457763672,24.86000061035156,28400
2020-02-26,15.812071800231934,24.5,24.700000762939453,24.26000022888184,24.26000022888184,50700
2020-02-27,15.6636323928833,24.270000457763672,24.530000686645508,24.26000022888184,24.530000686645508,15100
2020-02-28,14.727811813354492,22.81999969482422,24.209999084472656,22.81999969482422,24.209999084472656,84300
2020-03-02,15.289305686950684,23.690000534057617,23.899999618530277,22.989999771118164,22.989999771118164,28600
2020-03-03,15.489373207092283,24.0,24.489999771118164,23.8799991607666,23.899999618530277,20400
2020-03-04,15.84433937072754,24.549999237060547,24.65999984741211,24.190000534057617,24.3700008392334,18200
2020-03-05,15.489373207092283,24.0,24.61000061035156,24.0,24.549999237060547,19200
2020-03-06,15.198951721191406,23.549999237060547,24.11000061035156,23.549999237060547,24.0,18200
2020-03-09,14.295403480529783,22.149999618530277,23.11000061035156,21.5,23.11000061035156,67500
2020-03-10,14.747178077697754,22.850000381469727,23.520000457763672,22.299999237060547,22.5,38600
2020-03-11,14.256678581237791,22.09000015258789,22.979999542236328,21.799999237060547,22.950000762939453,22100
2020-03-12,10.332703590393066,16.010000228881836,21.770000457763672,15.949999809265137,21.770000457763672,60200
2020-03-13,11.313698768615724,17.530000686645508,18.010000228881836,17.0,17.0,57400
2020-03-16,9.203272819519045,14.260000228881836,17.200000762939453,14.25,17.200000762939453,28100
2020-03-17,9.100008964538574,14.100000381469728,15.119999885559082,14.100000381469728,15.0,103400
2020-03-18,3.9756054878234863,6.159999847412109,14.100000381469728,4.5,14.100000381469728,106600
2020-03-19,6.453907012939453,10.0,10.369999885559082,6.25,6.25,93100
2020-03-20,9.68086051940918,15.0,15.029999732971191,9.0,9.0,115200
2020-03-23,8.816035270690918,13.65999984741211,14.600000381469728,13.65999984741211,14.600000381469728,40500
2020-03-24,10.345610618591309,16.030000686645508,16.1200008392334,14.0,14.0,88100
2020-03-25,9.990647315979004,15.479999542236328,16.5,15.279999732971191,15.579999923706056,36600
2020-03-26,11.694479942321776,18.1200008392334,18.649999618530277,16.200000762939453,16.229999542236328,49600
2020-03-27,11.087813377380373,17.18000030517578,18.530000686645508,16.84000015258789,18.479999542236328,37300
2020-03-30,10.836108207702637,16.790000915527344,17.540000915527344,16.420000076293945,17.5,28300
2020-03-31,10.306886672973633,15.970000267028809,17.399999618530273,15.970000267028809,17.09000015258789,20500
2020-04-01,8.370716094970703,12.970000267028809,15.600000381469728,12.8100004196167,15.600000381469728,34000
2020-04-02,7.89312744140625,12.229999542236328,14.010000228881836,12.0,14.010000228881836,30100
2020-04-03,7.873767375946045,12.199999809265137,12.199999809265137,11.010000228881836,12.0,42500
2020-04-06,7.944759368896484,12.3100004196167,13.039999961853027,12.0,12.56999969482422,56900
2020-04-07,9.41624927520752,14.59000015258789,14.600000381469728,12.899999618530272,12.93000030517578,38700
2020-04-08,10.500506401062012,16.270000457763672,16.719999313354492,15.1899995803833,15.68000030517578,79200
2020-04-09,11.57830810546875,17.940000534057617,18.36000061035156,16.75,16.75,367100
2020-04-13,11.333060264587402,17.559999465942383,18.5,16.5,18.5,53500
2020-04-14,11.755877494812012,17.850000381469727,17.850000381469727,17.200000762939453,17.850000381469727,24900
2020-04-15,11.20924472808838,17.020000457763672,17.850000381469727,16.799999237060547,17.850000381469727,32800
2020-04-16,11.077526092529297,16.81999969482422,17.049999237060547,16.700000762939453,17.0,49000
2020-04-17,11.709774017333984,17.780000686645508,18.190000534057617,16.979999542236328,17.600000381469727,169000
2020-04-20,11.848077774047852,17.989999771118164,18.190000534057617,16.81999969482422,18.190000534057617,34400
2020-04-21,11.354135513305664,17.239999771118164,18.07999992370605,16.709999084472656,18.07999992370605,44600
2020-04-22,11.538541793823242,17.520000457763672,17.950000762939453,17.239999771118164,17.239999771118164,57100
2020-04-23,11.683431625366213,17.739999771118164,17.889999389648438,17.299999237060547,17.299999237060547,45700
2020-04-24,11.854665756225586,18.0,18.0,17.40999984741211,17.920000076293945,57400
2020-04-27,11.788804054260254,17.899999618530273,18.07999992370605,17.799999237060547,17.889999389648438,16000
2020-04-28,11.84149169921875,17.979999542236328,18.549999237060547,17.829999923706055,18.010000228881836,61700
2020-04-29,12.15103244781494,18.450000762939453,18.5,17.799999237060547,18.21999931335449,127700
2020-04-30,11.99297046661377,18.209999084472656,18.84000015258789,18.209999084472656,18.59000015258789,82900
2020-05-01,11.881010055541992,18.040000915527344,18.850000381469727,17.360000610351562,18.690000534057617,48800
2020-05-04,12.039072036743164,18.280000686645508,18.3799991607666,17.510000228881836,17.93000030517578,51600
2020-05-05,11.525368690490724,17.5,18.25,17.5,18.0,36800
2020-05-06,11.67684555053711,17.729999542236328,17.950000762939453,17.5,17.5,22500
2020-05-07,12.276165008544922,18.63999938964844,18.90999984741211,17.989999771118164,17.989999771118164,22800
2020-05-08,12.407883644104004,18.84000015258789,18.86000061035156,18.25,18.63999938964844,6700
2020-05-11,12.243236541748049,18.59000015258789,18.899999618530277,18.540000915527344,18.899999618530277,10700
2020-05-12,11.99297046661377,18.209999084472656,18.700000762939453,18.200000762939453,18.59000015258789,9600
2020-05-13,11.920524597167969,18.100000381469727,18.38999938964844,17.809999465942383,18.38999938964844,20000
2020-05-14,11.788804054260254,17.899999618530273,17.940000534057617,17.059999465942383,17.940000534057617,33000
2020-05-15,11.393651008605955,17.299999237060547,17.969999313354492,17.299999237060547,17.899999618530273,15900
2020-05-18,11.854665756225586,18.0,18.0,17.639999389648438,17.639999389648438,30600
2020-05-19,11.782219886779783,17.889999389648438,18.290000915527344,17.8799991607666,18.200000762939453,17800
2020-05-20,11.558298110961914,17.549999237060547,18.100000381469727,17.549999237060547,18.0,13100
2020-05-21,11.084115028381348,16.829999923706055,17.899999618530273,16.81999969482422,17.899999618530273,43700
2020-05-22,11.0906982421875,16.84000015258789,17.25,16.700000762939453,17.25,18700
2020-05-26,11.610986709594728,17.6299991607666,17.760000228881836,17.139999389648438,17.139999389648438,16600
2020-05-27,11.670258522033691,17.719999313354492,18.0,17.600000381469727,17.899999618530273,22500
2020-05-28,12.039072036743164,18.280000686645508,18.76000022888184,18.06999969482422,18.06999969482422,20300
2020-05-29,12.43422794342041,18.8799991607666,18.899999618530277,18.25,18.280000686645508,50000
2020-06-01,12.533016204833984,19.030000686645508,19.350000381469727,18.729999542236328,18.8799991607666,25900
2020-06-02,12.012725830078123,18.239999771118164,18.84000015258789,17.969999313354492,18.75,35000
2020-06-03,12.638389587402344,19.190000534057617,19.239999771118164,18.420000076293945,18.5,35600
2020-06-04,12.447399139404297,18.899999618530277,19.299999237060547,18.700000762939453,19.0,37000
2020-06-05,12.453985214233398,18.90999984741211,19.36000061035156,18.739999771118164,19.0,128500
2020-06-08,13.040132522583008,19.799999237060547,19.96999931335449,19.11000061035156,19.5,49600
2020-06-09,13.007203102111816,19.75,20.01000022888184,19.530000686645508,20.0,37200
2020-06-10,13.10598850250244,19.899999618530277,20.01000022888184,19.520000457763672,20.0,16600
2020-06-11,12.43422794342041,18.8799991607666,19.790000915527344,18.670000076293945,19.700000762939453,22700
2020-06-12,12.579118728637695,19.100000381469727,19.950000762939453,19.100000381469727,19.56999969482422,9700
2020-06-15,12.388127326965332,18.809999465942383,19.07999992370605,18.75,19.0,13400
2020-06-16,12.67790412902832,19.25,19.440000534057617,19.100000381469727,19.100000381469727,13700
2020-06-17,12.526430130004885,19.020000457763672,19.440000534057617,19.020000457763672,19.25,20100
2020-06-18,12.486913681030272,18.959999084472656,19.36000061035156,18.920000076293945,19.0,16300
2020-06-19,12.295921325683594,18.670000076293945,19.200000762939453,18.670000076293945,19.200000762939453,30700
2020-06-22,11.986382484436035,18.200000762939453,18.96999931335449,18.200000762939453,18.799999237060547,16300
2020-06-23,11.986382484436035,18.200000762939453,18.450000762939453,18.200000762939453,18.399999618530277,6900
2020-06-24,11.762460708618164,17.860000610351562,18.209999084472656,17.829999923706055,18.200000762939453,14600
2020-06-25,11.617571830749512,17.639999389648438,18.06999969482422,17.559999465942383,17.68000030517578,21200
2020-06-26,11.597814559936523,17.610000610351562,17.989999771118164,17.110000610351562,17.450000762939453,19000
2020-06-29,11.854665756225586,18.0,18.0,17.760000228881836,17.799999237060547,14800
2020-06-30,11.578055381774902,17.579999923706055,18.36000061035156,17.100000381469727,18.18000030517578,133400
2020-07-01,11.775632858276367,17.8799991607666,18.229999542236328,17.75,17.799999237060547,11000
2020-07-02,12.019312858581545,18.25,18.479999542236328,18.18000030517578,18.3799991607666,13400
2020-07-06,11.828319549560549,17.959999084472656,18.5,17.799999237060547,18.5,43600
2020-07-07,11.854665756225586,18.0,18.1299991607666,18.0,18.0,5000
2020-07-08,12.131274223327637,18.420000076293945,18.420000076293945,18.010000228881836,18.200000762939453,15700
2020-07-09,11.907352447509766,18.07999992370605,18.5,18.020000457763672,18.5,19200
2020-07-10,11.927114486694336,18.11000061035156,18.190000534057617,18.11000061035156,18.149999618530277,4500
2020-07-13,11.927114486694336,18.11000061035156,18.450000762939453,18.11000061035156,18.149999618530277,8100
2020-07-14,12.089649200439451,18.0,18.0,17.639999389648438,18.0,22900
2020-07-15,12.277710914611816,18.280000686645508,18.299999237060547,18.0,18.0,40600
2020-07-16,12.398605346679688,18.459999084472656,18.46999931335449,18.280000686645508,18.280000686645508,28500
2020-07-17,12.405323028564451,18.46999931335449,18.5,18.21999931335449,18.5,8100
2020-07-20,12.4254732131958,18.5,18.549999237060547,18.229999542236328,18.46999931335449,27600
2020-07-21,12.51278591156006,18.6299991607666,18.649999618530277,18.0,18.57999992370605,35200
2020-07-22,12.405323028564451,18.46999931335449,19.0,18.450000762939453,18.799999237060547,10600
2020-07-23,12.45905590057373,18.549999237060547,18.59000015258789,18.350000381469727,18.46999931335449,18700
2020-07-24,12.331442832946776,18.36000061035156,18.549999237060547,18.13999938964844,18.549999237060547,15700
2020-07-27,12.331442832946776,18.36000061035156,18.670000076293945,18.350000381469727,18.350000381469727,9700
2020-07-28,12.4254732131958,18.5,18.520000457763672,18.3799991607666,18.440000534057617,12700
2020-07-29,12.54637050628662,18.68000030517578,18.739999771118164,18.540000915527344,18.549999237060547,11300
2020-07-30,12.593385696411133,18.75,19.0,18.3799991607666,18.68000030517578,39100
2020-07-31,12.163531303405762,18.11000061035156,18.799999237060547,17.420000076293945,18.690000534057617,30900
2020-08-03,12.566519737243652,18.709999084472656,19.13999938964844,18.46999931335449,18.989999771118164,26700
2020-08-04,12.680699348449709,18.8799991607666,18.8799991607666,18.270000457763672,18.700000762939453,36200
2020-08-05,12.68741512298584,18.88999938964844,18.899999618530277,18.84000015258789,18.850000381469727,5200
2020-08-06,12.593385696411133,18.75,18.88999938964844,18.65999984741211,18.88999938964844,15800
2020-08-07,12.68741512298584,18.88999938964844,19.0,18.690000534057617,18.700000762939453,18900
2020-08-10,12.909059524536133,19.21999931335449,19.34000015258789,19.0,19.0,13000
2020-08-11,12.781444549560549,19.030000686645508,19.520000457763672,19.01000022888184,19.299999237060547,29100
2020-08-12,12.781444549560549,19.030000686645508,19.270000457763672,19.030000686645508,19.100000381469727,26900
2020-08-13,12.76129913330078,19.0,19.26000022888184,19.0,19.100000381469727,22400
2020-08-14,12.76129913330078,19.0,19.049999237060547,19.0,19.049999237060547,8600
2020-08-17,12.828463554382324,19.100000381469727,19.100000381469727,19.020000457763672,19.020000457763672,13700
2020-08-18,13.184432983398438,19.6299991607666,20.1200008392334,19.3799991607666,19.3799991607666,55500
2020-08-19,12.935925483703612,19.26000022888184,19.6299991607666,19.229999542236328,19.6200008392334,18600
2020-08-20,12.76129913330078,19.0,19.530000686645508,18.75,19.26000022888184,40100
2020-08-21,12.76129913330078,19.0,19.170000076293945,19.0,19.0,10800
2020-08-24,12.915773391723633,19.229999542236328,19.57999992370605,19.190000534057617,19.190000534057617,13400
2020-08-25,12.855323791503906,19.13999938964844,19.43000030517578,19.1200008392334,19.399999618530277,16900
2020-08-26,12.720996856689451,18.940000534057617,19.43000030517578,18.799999237060547,19.18000030517578,37500
2020-08-27,12.828463554382324,19.100000381469727,19.399999618530277,19.059999465942383,19.280000686645508,13800
2020-08-28,12.855323791503906,19.13999938964844,19.190000534057617,19.06999969482422,19.13999938964844,9700
2020-08-31,12.915773391723633,19.229999542236328,19.34000015258789,19.190000534057617,19.200000762939453,14100
2020-09-01,13.09712028503418,19.5,19.520000457763672,19.350000381469727,19.399999618530277,24500
2020-09-02,13.03666877746582,19.40999984741211,19.520000457763672,19.399999618530277,19.399999618530277,12000
2020-09-03,12.862043380737305,19.149999618530277,19.559999465942383,19.1299991607666,19.549999237060547,16900
2020-09-04,12.727715492248535,18.950000762939453,19.3799991607666,18.950000762939453,19.299999237060547,23700
2020-09-08,12.727715492248535,18.950000762939453,19.75,18.799999237060547,19.100000381469727,14300
2020-09-09,12.81502914428711,19.07999992370605,19.1200008392334,18.600000381469727,18.8799991607666,14700
2020-09-10,12.7478609085083,18.979999542236328,19.34000015258789,18.93000030517578,19.07999992370605,12900
2020-09-11,12.734430313110352,18.959999084472656,19.239999771118164,18.93000030517578,19.09000015258789,13600
2020-09-14,12.868759155273438,19.15999984741211,19.25,19.0,19.25,11800
2020-09-15,12.828463554382324,19.100000381469727,19.5,19.07999992370605,19.200000762939453,22600
2020-09-16,12.76801300048828,19.01000022888184,19.309999465942383,19.01000022888184,19.290000915527344,16300
2020-09-17,12.76129913330078,19.0,19.13999938964844,18.959999084472656,19.030000686645508,14300
2020-09-18,12.720996856689451,18.940000534057617,19.100000381469727,18.81999969482422,19.09000015258789,15000
2020-09-21,12.626967430114746,18.799999237060547,18.8799991607666,18.5,18.799999237060547,15900
2020-09-22,12.65383243560791,18.84000015258789,19.040000915527344,18.700000762939453,18.88999938964844,19500
2020-09-23,12.13666534423828,18.06999969482422,19.020000457763672,17.729999542236328,18.850000381469727,27300
2020-09-24,11.962035179138184,17.809999465942383,18.290000915527344,17.56999969482422,18.0,118200
2020-09-25,12.613533020019531,18.780000686645508,18.93000030517578,18.0,18.0,42900
2020-09-28,12.76129913330078,19.0,19.0,18.82999992370605,18.82999992370605,24800
2020-09-29,12.801594734191896,19.059999465942383,19.190000534057617,18.790000915527344,19.0,17700
2020-09-30,12.277710914611816,18.280000686645508,19.049999237060547,18.059999465942383,19.020000457763672,123400
2020-10-01,12.606821060180664,18.770000457763672,18.799999237060547,18.299999237060547,18.450000762939453,21300
2020-10-02,12.774730682373049,19.020000457763672,19.100000381469727,18.440000534057617,18.440000534057617,7500
2020-10-05,12.909059524536133,19.21999931335449,19.239999771118164,18.8799991607666,19.0,11600
2020-10-06,12.996373176574709,19.350000381469727,19.43000030517578,19.11000061035156,19.11000061035156,16800
2020-10-07,12.862043380737305,19.149999618530277,19.450000762939453,18.75,19.440000534057617,27600
2020-10-08,13.0769681930542,19.46999931335449,19.489999771118164,19.100000381469727,19.149999618530277,19800
2020-10-09,13.110551834106444,19.520000457763672,19.520000457763672,19.25,19.5,9200
2020-10-12,13.258315086364746,19.739999771118164,19.790000915527344,18.8799991607666,18.8799991607666,20400
2020-10-13,13.231451034545898,19.700000762939453,19.71999931335449,19.5,19.600000381469727,29700
2020-10-14,13.109723091125488,19.170000076293945,19.450000762939453,19.07999992370605,19.450000762939453,10700
2020-10-15,13.089203834533691,19.13999938964844,19.15999984741211,18.84000015258789,18.84000015258789,8100
2020-10-16,12.801977157592772,18.71999931335449,19.100000381469727,18.700000762939453,19.040000915527344,13700
2020-10-19,12.863529205322266,18.809999465942383,18.809999465942383,18.71999931335449,18.71999931335449,37400
2020-10-20,12.925077438354492,18.899999618530277,19.0,18.809999465942383,18.809999465942383,7300
2020-10-21,12.904563903808594,18.8700008392334,18.979999542236328,18.790000915527344,18.899999618530277,8400
2020-10-22,12.911401748657228,18.8799991607666,18.90999984741211,18.75,18.850000381469727,6000
2020-10-23,13.219141960144045,19.32999992370605,19.32999992370605,18.8700008392334,19.0,18600
2020-10-26,13.130237579345703,19.200000762939453,19.25,19.020000457763672,19.11000061035156,7200
2020-10-27,12.890884399414062,18.850000381469727,19.100000381469727,18.81999969482422,19.100000381469727,8600
2020-10-28,12.856690406799316,18.799999237060547,18.979999542236328,18.75,18.850000381469727,26900
2020-10-29,12.774628639221191,18.68000030517578,18.989999771118164,18.68000030517578,18.709999084472656,19500
2020-10-30,12.829337120056152,18.76000022888184,18.989999771118164,18.700000762939453,18.709999084472656,31800
2020-11-02,12.925077438354492,18.899999618530277,19.200000762939453,18.850000381469727,19.200000762939453,15600
2020-11-03,12.788307189941406,18.700000762939453,19.270000457763672,18.700000762939453,19.07999992370605,19000
2020-11-04,13.06185245513916,19.100000381469727,19.18000030517578,19.0,19.1200008392334,12900
2020-11-05,13.027655601501465,19.049999237060547,19.270000457763672,19.0,19.100000381469727,22800
2020-11-06,12.719918251037598,18.600000381469727,19.09000015258789,18.549999237060547,19.09000015258789,18700
2020-11-09,13.232818603515623,19.350000381469727,19.3799991607666,18.950000762939453,19.020000457763672,17900
2020-11-10,13.19862461090088,19.299999237060547,19.350000381469727,19.020000457763672,19.350000381469727,24400
2020-11-11,13.369592666625977,19.549999237060547,19.600000381469727,19.25,19.25,38700
2020-11-12,13.314879417419434,19.46999931335449,19.5,19.309999465942383,19.309999465942383,10000
2020-11-13,13.540559768676758,19.799999237060547,19.799999237060547,19.420000076293945,19.5,23400
2020-11-16,14.354357719421388,20.989999771118164,21.21999931335449,19.76000022888184,19.850000381469727,57700
2020-11-17,14.56635856628418,21.299999237060547,21.399999618530277,20.540000915527344,20.780000686645508,106400
2020-11-18,14.723645210266112,21.530000686645508,21.75,21.170000076293945,21.299999237060547,45900
2020-11-19,14.826229095458984,21.68000030517578,21.68000030517578,21.200000762939453,21.450000762939453,44100
2020-11-20,14.73732089996338,21.549999237060547,21.59000015258789,21.38999938964844,21.5,19900
2020-11-23,14.963001251220703,21.8799991607666,22.06999969482422,21.549999237060547,21.549999237060547,23600
2020-11-24,15.024548530578612,21.96999931335449,22.200000762939453,21.700000762939453,21.71999931335449,27500
2020-11-25,15.010870933532717,21.950000762939453,22.030000686645508,21.709999084472656,21.940000534057617,20900
2020-11-27,15.216026306152344,22.25,22.25,21.959999084472656,22.0,19700
2020-11-30,14.956161499023438,21.8700008392334,22.13999938964844,21.700000762939453,22.0,46200
2020-12-01,15.298094749450684,22.3700008392334,22.3700008392334,22.0,22.0,31200
2020-12-02,15.284419059753418,22.350000381469727,22.649999618530277,22.32999992370605,22.3700008392334,57500
2020-12-03,15.489578247070312,22.649999618530277,22.649999618530277,22.399999618530277,22.399999618530277,28100
2020-12-04,15.831512451171877,23.149999618530277,23.149999618530277,22.700000762939453,22.700000762939453,39200
2020-12-07,16.33757209777832,23.88999938964844,23.940000534057617,23.25,23.299999237060547,34800
2020-12-08,16.23499298095703,23.739999771118164,24.100000381469727,23.690000534057617,24.0,59200
2020-12-09,16.262344360351562,23.780000686645508,23.86000061035156,23.700000762939453,23.799999237060547,35200
2020-12-10,16.146087646484375,23.61000061035156,23.780000686645508,23.5,23.780000686645508,35100
2020-12-11,16.02299690246582,23.43000030517578,23.5,23.299999237060547,23.5,39700
2020-12-14,16.01615333557129,23.420000076293945,23.43000030517578,23.309999465942383,23.399999618530277,42700
2020-12-15,15.899898529052734,23.25,23.420000076293945,23.209999084472656,23.420000076293945,45700
2020-12-16,15.927252769470217,23.290000915527344,23.600000381469727,23.21999931335449,23.299999237060547,46900
2020-12-17,16.221315383911133,23.71999931335449,23.739999771118164,23.299999237060547,23.299999237060547,28500
2020-12-18,16.2076358795166,23.700000762939453,23.790000915527344,23.459999084472656,23.71999931335449,56100
2020-12-21,16.07086181640625,23.5,23.700000762939453,23.34000015258789,23.649999618530277,40200
2020-12-22,15.810998916625977,23.1200008392334,23.59000015258789,23.0,23.489999771118164,57300
2020-12-23,15.756281852722168,23.040000915527344,23.31999969482422,23.0,23.200000762939453,92600
2020-12-24,15.72892951965332,23.0,23.15999984741211,23.0,23.11000061035156,46400
2020-12-28,15.598995208740234,22.809999465942383,23.190000534057617,22.799999237060547,23.0,42900
2020-12-29,15.797319412231444,23.100000381469727,23.229999542236328,22.850000381469727,22.850000381469727,33100
2020-12-30,16.05718421936035,23.479999542236328,23.479999542236328,22.959999084472656,23.149999618530277,62900
2020-12-31,16.12557029724121,23.57999992370605,23.700000762939453,23.280000686645508,23.350000381469727,87000
2021-01-04,16.15292739868164,23.6200008392334,23.90999984741211,23.5,23.600000381469727,38900
2021-01-05,15.968284606933594,23.350000381469727,23.690000534057617,23.270000457763672,23.61000061035156,75000
2021-01-06,15.817832946777344,23.1299991607666,23.40999984741211,23.0,23.399999618530277,26600
2021-01-07,15.899898529052734,23.25,23.459999084472656,23.100000381469727,23.149999618530277,15200
2021-01-08,15.893059730529783,23.239999771118164,23.36000061035156,23.030000686645508,23.299999237060547,23900
2021-01-11,15.78363800048828,23.07999992370605,23.21999931335449,23.01000022888184,23.21999931335449,21600
2021-01-12,15.797319412231444,23.100000381469727,23.170000076293945,22.809999465942383,23.100000381469727,25600
2021-01-13,15.934089660644531,23.299999237060547,23.459999084472656,23.209999084472656,23.209999084472656,23500
2021-01-14,16.303482055664062,23.479999542236328,23.479999542236328,23.209999084472656,23.43000030517578,28300
2021-01-15,16.18544578552246,23.309999465942383,23.600000381469727,23.299999237060547,23.600000381469727,49000
2021-01-19,16.338205337524414,23.530000686645508,23.530000686645508,23.309999465942383,23.5,22400
2021-01-20,16.477073669433594,23.729999542236328,23.76000022888184,23.549999237060547,23.600000381469727,27400
2021-01-21,16.34514617919922,23.540000915527344,23.799999237060547,23.530000686645508,23.799999237060547,18400
2021-01-22,16.43541717529297,23.670000076293945,23.799999237060547,23.540000915527344,23.540000915527344,12700
2021-01-25,16.525680541992188,23.799999237060547,23.799999237060547,23.670000076293945,23.700000762939453,17000
2021-01-26,16.43541717529297,23.670000076293945,23.82999992370605,23.670000076293945,23.799999237060547,15200
2021-01-27,16.29654312133789,23.46999931335449,23.700000762939453,23.46999931335449,23.690000534057617,17300
2021-01-28,16.37986946105957,23.59000015258789,23.709999084472656,23.5,23.5,12000
2021-01-29,16.359039306640625,23.559999465942383,23.649999618530277,23.21999931335449,23.540000915527344,48200
2021-02-01,16.40764045715332,23.6299991607666,23.790000915527344,22.479999542236328,22.479999542236328,36700
2021-02-02,16.331262588500977,23.520000457763672,23.700000762939453,23.51000022888184,23.63999938964844,27200
2021-02-03,15.935477256774902,22.950000762939453,23.700000762939453,22.770000457763672,23.520000457763672,58100
2021-02-04,16.143783569335938,23.25,23.549999237060547,22.979999542236328,22.979999542236328,14600
2021-02-05,16.26182746887207,23.420000076293945,23.450000762939453,23.11000061035156,23.25,13700
2021-02-08,16.17155647277832,23.290000915527344,23.5,23.049999237060547,23.5,7500
2021-02-09,16.22016716003418,23.36000061035156,23.399999618530277,23.299999237060547,23.3799991607666,2800
2021-02-10,16.1993350982666,23.32999992370605,23.43000030517578,23.149999618530277,23.299999237060547,33800
2021-02-11,16.143783569335938,23.25,23.440000534057617,23.25,23.32999992370605,10500
2021-02-12,16.03963279724121,23.100000381469727,23.309999465942383,23.01000022888184,23.25,9100
2021-02-16,15.84521484375,22.81999969482422,23.1200008392334,22.799999237060547,23.100000381469727,26800
2021-02-17,15.977143287658691,23.01000022888184,23.059999465942383,22.450000762939453,22.450000762939453,20900
2021-02-18,15.907703399658203,22.90999984741211,22.90999984741211,22.68000030517578,22.8700008392334,14400
2021-02-19,16.227109909057617,23.3700008392334,23.3700008392334,22.96999931335449,23.100000381469727,11200
2021-02-22,15.984086036682127,23.020000457763672,23.399999618530277,23.0,23.399999618530277,20500
2021-02-23,15.782719612121582,22.729999542236328,23.0,22.600000381469727,23.0,21100
2021-02-24,14.442609786987305,20.799999237060547,22.700000762939453,20.51000022888184,22.700000762939453,115300
2021-02-25,14.373174667358398,20.700000762939453,21.479999542236328,20.5,21.040000915527344,116700
2021-02-26,14.095434188842772,20.299999237060547,20.86000061035156,20.280000686645508,20.700000762939453,301200
2021-03-01,14.428728103637695,20.780000686645508,20.8700008392334,20.43000030517578,20.43000030517578,56800
2021-03-02,14.748130798339844,21.239999771118164,21.36000061035156,20.950000762939453,20.950000762939453,33600
2021-03-03,14.768962860107422,21.270000457763672,21.540000915527344,21.100000381469727,21.299999237060547,60200
2021-03-04,14.505102157592772,20.88999938964844,21.59000015258789,20.670000076293945,21.299999237060547,36700
2021-03-05,14.914775848388672,21.479999542236328,21.5,20.799999237060547,21.1299991607666,30800
2021-03-08,15.081418991088867,21.71999931335449,21.75,21.5,21.5,19100
2021-03-09,15.40082550048828,22.18000030517578,22.25,21.799999237060547,21.799999237060547,51400
2021-03-10,15.79660987854004,22.75,22.86000061035156,22.200000762939453,22.200000762939453,31700
2021-03-11,15.970194816589355,23.0,23.0,22.799999237060547,22.799999237060547,41400
2021-03-12,15.859098434448242,22.84000015258789,22.979999542236328,22.739999771118164,22.979999542236328,8000
2021-03-15,16.095182418823242,23.18000030517578,23.190000534057617,22.899999618530277,22.899999618530277,29700
2021-03-16,16.081295013427734,23.15999984741211,23.18000030517578,23.030000686645508,23.18000030517578,33400
2021-03-17,16.004911422729492,23.049999237060547,23.100000381469727,22.899999618530277,23.100000381469727,15200
2021-03-18,15.65079116821289,22.540000915527344,23.0,22.5,23.0,33000
2021-03-19,15.88687229156494,22.8799991607666,22.959999084472656,22.709999084472656,22.71999931335449,5100
2021-03-22,15.914650917053224,22.920000076293945,23.100000381469727,22.299999237060547,22.8799991607666,17400
2021-03-23,15.970194816589355,23.0,23.06999969482422,22.90999984741211,22.920000076293945,9400
2021-03-24,15.970194816589355,23.0,23.149999618530277,22.899999618530277,22.899999618530277,22700
2021-03-25,16.03963279724121,23.100000381469727,23.100000381469727,22.700000762939453,23.09000015258789,31200
2021-03-26,16.088237762451172,23.170000076293945,23.170000076293945,23.049999237060547,23.100000381469727,18200
2021-03-29,15.984086036682127,23.020000457763672,23.100000381469727,22.88999938964844,23.100000381469727,18700
2021-03-30,15.942422866821287,22.959999084472656,23.049999237060547,22.920000076293945,23.049999237060547,43400
2021-03-31,16.03963279724121,23.100000381469727,23.149999618530277,22.96999931335449,22.96999931335449,36000
2021-04-01,16.095182418823242,23.18000030517578,23.299999237060547,23.0,23.200000762939453,85000
2021-04-05,16.074352264404297,23.149999618530277,23.38999938964844,23.13999938964844,23.13999938964844,54100
2021-04-06,16.081295013427734,23.15999984741211,23.200000762939453,23.06999969482422,23.200000762939453,54400
2021-04-07,16.081295013427734,23.15999984741211,23.200000762939453,23.15999984741211,23.200000762939453,29100
2021-04-08,16.081295013427734,23.15999984741211,23.209999084472656,23.100000381469727,23.209999084472656,40100
2021-04-09,16.16461753845215,23.280000686645508,23.399999618530277,23.25,23.25,20700
2021-04-12,16.102123260498047,23.190000534057617,23.280000686645508,23.18000030517578,23.280000686645508,19900
2021-04-13,16.1993350982666,23.32999992370605,23.399999618530277,23.31999969482422,23.3700008392334,18900
2021-04-14,16.207792282104492,22.989999771118164,23.149999618530277,22.88999938964844,23.059999465942383,15200
2021-04-15,16.35584259033203,23.200000762939453,23.200000762939453,23.049999237060547,23.049999237060547,25200
2021-04-16,16.348793029785156,23.190000534057617,23.200000762939453,23.030000686645508,23.200000762939453,21500
2021-04-19,16.292394638061523,23.11000061035156,23.190000534057617,23.01000022888184,23.190000534057617,14600
2021-04-20,16.306489944458008,23.1299991607666,23.18000030517578,23.0,23.18000030517578,16500
2021-04-21,16.285343170166016,23.100000381469727,23.170000076293945,23.100000381469727,23.1299991607666,11800
2021-04-22,16.292394638061523,23.11000061035156,23.1299991607666,23.0,23.07999992370605,18500
2021-04-23,16.285343170166016,23.100000381469727,23.18000030517578,23.07999992370605,23.11000061035156,22700
2021-04-26,16.271240234375,23.07999992370605,23.100000381469727,23.049999237060547,23.100000381469727,22000
2021-04-27,16.292394638061523,23.11000061035156,23.149999618530277,23.0,23.059999465942383,4800
2021-04-28,16.271240234375,23.07999992370605,23.11000061035156,23.0,23.01000022888184,15100
2021-04-29,16.27829360961914,23.09000015258789,23.100000381469727,23.020000457763672,23.100000381469727,19900
2021-04-30,16.0738468170166,22.799999237060547,23.149999618530277,22.739999771118164,23.149999618530277,45800
2021-05-03,16.271240234375,23.07999992370605,23.18000030517578,23.020000457763672,23.18000030517578,19400
2021-05-04,16.285343170166016,23.100000381469727,23.100000381469727,22.96999931335449,23.07999992370605,22600
2021-05-05,16.264190673828125,23.06999969482422,23.09000015258789,23.020000457763672,23.049999237060547,12400
2021-05-06,16.200742721557617,22.979999542236328,23.100000381469727,22.780000686645508,23.06999969482422,34800
2021-05-07,16.264190673828125,23.06999969482422,23.06999969482422,22.979999542236328,23.030000686645508,5400
2021-05-10,16.200742721557617,22.979999542236328,23.059999465942383,22.96999931335449,23.0,10800
2021-05-11,16.200742721557617,22.979999542236328,23.040000915527344,22.809999465942383,23.040000915527344,22600
2021-05-12,15.996297836303713,22.690000534057617,22.8700008392334,22.670000076293945,22.8700008392334,26000
2021-05-13,16.207792282104492,22.989999771118164,23.030000686645508,22.600000381469727,22.600000381469727,18400
2021-05-14,16.158445358276367,22.920000076293945,23.0,22.81999969482422,23.0,15700
2021-05-17,16.207792282104492,22.989999771118164,23.0,22.88999938964844,22.88999938964844,6800
2021-05-18,16.214841842651367,23.0,23.0,22.920000076293945,22.96999931335449,18900
2021-05-19,16.193695068359375,22.96999931335449,23.0,22.920000076293945,22.989999771118164,6300
2021-05-20,16.214841842651367,23.0,23.030000686645508,22.850000381469727,22.850000381469727,10900
2021-05-21,16.179595947265625,22.950000762939453,23.0,22.93000030517578,22.989999771118164,23200
2021-05-24,16.08794403076172,22.81999969482422,23.0,22.76000022888184,22.76000022888184,28400
2021-05-25,16.11614418029785,22.86000061035156,23.0,22.76000022888184,22.76000022888184,21900
2021-05-26,16.172544479370117,22.940000534057617,22.979999542236328,22.850000381469727,22.850000381469727,8500
2021-05-27,16.214841842651367,23.0,23.059999465942383,22.940000534057617,22.950000762939453,6600
2021-05-28,16.3276424407959,23.15999984741211,23.18000030517578,22.959999084472656,22.959999084472656,37800
2021-06-01,16.43338966369629,23.309999465942383,23.65999984741211,23.280000686645508,23.649999618530277,80200
2021-06-02,16.447494506835938,23.32999992370605,23.350000381469727,23.229999542236328,23.309999465942383,38000
2021-06-03,16.412242889404297,23.280000686645508,23.31999969482422,23.229999542236328,23.299999237060547,16900
2021-06-04,16.40519142150879,23.270000457763672,23.299999237060547,23.25,23.290000915527344,11900
2021-06-07,16.362892150878906,23.209999084472656,23.36000061035156,23.18000030517578,23.36000061035156,23900
2021-06-08,16.35584259033203,23.200000762939453,23.299999237060547,23.18000030517578,23.200000762939453,10400
2021-06-09,16.398141860961914,23.26000022888184,23.34000015258789,23.020000457763672,23.200000762939453,15100
2021-06-10,16.46864128112793,23.36000061035156,23.51000022888184,23.25,23.299999237060547,11300
2021-06-11,16.461589813232422,23.350000381469727,23.520000457763672,23.350000381469727,23.399999618530277,29500
2021-06-14,16.426340103149414,23.299999237060547,23.450000762939453,23.239999771118164,23.3799991607666,16700
2021-06-15,16.447494506835938,23.32999992370605,23.440000534057617,23.309999465942383,23.350000381469727,13200
2021-06-16,16.426340103149414,23.299999237060547,23.299999237060547,23.209999084472656,23.299999237060547,29000
2021-06-17,16.553237915039062,23.479999542236328,23.5,23.34000015258789,23.34000015258789,62900
2021-06-18,16.651941299438477,23.6200008392334,23.6200008392334,23.31999969482422,23.479999542236328,35700
2021-06-21,16.680137634277344,23.65999984741211,23.65999984741211,23.520000457763672,23.6200008392334,20100
2021-06-22,16.891637802124023,23.959999084472656,23.959999084472656,23.6200008392334,23.65999984741211,35000
2021-06-23,16.94803810119629,24.040000915527344,24.040000915527344,23.959999084472656,23.959999084472656,16000
2021-06-24,16.955089569091797,24.049999237060547,24.049999237060547,23.989999771118164,24.049999237060547,10600
2021-06-25,17.053783416748047,24.190000534057617,24.190000534057617,24.049999237060547,24.049999237060547,20900
2021-06-28,17.03263282775879,24.15999984741211,24.190000534057617,24.07999992370605,24.190000534057617,12700
2021-06-29,17.025585174560547,24.149999618530277,24.15999984741211,24.049999237060547,24.15999984741211,23000
2021-06-30,17.053783416748047,24.190000534057617,24.270000457763672,24.059999465942383,24.149999618530277,47400
2021-07-01,17.16658592224121,24.350000381469727,24.3799991607666,24.149999618530277,24.15999984741211,21700
2021-07-02,17.13133430480957,24.299999237060547,24.350000381469727,24.200000762939453,24.350000381469727,15400
2021-07-06,17.25823402404785,24.479999542236328,24.479999542236328,24.25,24.299999237060547,29500
2021-07-07,17.342832565307617,24.600000381469727,24.6299991607666,24.40999984741211,24.479999542236328,26600
2021-07-08,17.2723331451416,24.5,24.600000381469727,24.5,24.59000015258789,20200
2021-07-09,17.30758285522461,24.549999237060547,24.6299991607666,24.5,24.5,20900
2021-07-12,17.469730377197266,24.780000686645508,24.790000915527344,24.600000381469727,24.600000381469727,24500
2021-07-13,17.469730377197266,24.780000686645508,24.86000061035156,24.780000686645508,24.780000686645508,30500
2021-07-14,17.506919860839844,24.479999542236328,24.700000762939453,24.32999992370605,24.700000762939453,25300
2021-07-15,17.564130783081055,24.559999465942383,24.559999465942383,24.5,24.5,13500
2021-07-16,17.392494201660156,24.31999969482422,24.5,24.299999237060547,24.5,9500
2021-07-19,17.22085952758789,24.07999992370605,24.270000457763672,24.059999465942383,24.270000457763672,22800
2021-07-20,17.263763427734375,24.13999938964844,24.32999992370605,23.959999084472656,24.049999237060547,38300
2021-07-21,17.228012084960938,24.09000015258789,24.309999465942383,23.989999771118164,24.239999771118164,15100
2021-07-22,17.206554412841797,24.059999465942383,24.09000015258789,24.020000457763672,24.09000015258789,10100
2021-07-23,17.242311477661133,24.11000061035156,24.290000915527344,24.049999237060547,24.15999984741211,13300
2021-07-26,17.299524307250977,24.190000534057617,24.26000022888184,24.030000686645508,24.040000915527344,12700
2021-07-27,17.28522300720215,24.170000076293945,24.200000762939453,24.11000061035156,24.170000076293945,7100
2021-07-28,17.32097816467285,24.21999931335449,24.229999542236328,24.100000381469727,24.200000762939453,9800
2021-07-29,17.378192901611328,24.299999237060547,24.31999969482422,24.100000381469727,24.299999237060547,13300
2021-07-30,17.52121925354004,24.5,24.5,24.299999237060547,24.309999465942383,19100
2021-08-02,17.578432083129883,24.57999992370605,24.649999618530277,24.450000762939453,24.530000686645508,26700
2021-08-03,17.499765396118164,24.46999931335449,24.690000534057617,24.299999237060547,24.5,22000
2021-08-04,17.614194869995117,24.6299991607666,24.6299991607666,24.3799991607666,24.5,14300
2021-08-05,17.578432083129883,24.57999992370605,24.6299991607666,24.32999992370605,24.6299991607666,23100
2021-08-06,17.378192901611328,24.299999237060547,24.549999237060547,24.26000022888184,24.549999237060547,29100
2021-08-09,17.163644790649414,24.0,24.299999237060547,24.0,24.25,27300
2021-08-10,17.23516273498535,24.100000381469727,24.18000030517578,23.959999084472656,24.18000030517578,20900
2021-08-11,17.206554412841797,24.059999465942383,24.100000381469727,24.0,24.100000381469727,13200
2021-08-12,17.378192901611328,24.299999237060547,24.31999969482422,24.059999465942383,24.059999465942383,15800
2021-08-13,17.549833297729492,24.540000915527344,24.540000915527344,24.100000381469727,24.11000061035156,14700
2021-08-16,17.47831153869629,24.440000534057617,24.440000534057617,24.299999237060547,24.40999984741211,6200
2021-08-17,17.449705123901367,24.399999618530277,24.399999618530277,24.25,24.31999969482422,5800
2021-08-18,17.442556381225586,24.38999938964844,24.5,24.239999771118164,24.5,21400
2021-08-19,17.306678771972656,24.200000762939453,24.350000381469727,24.049999237060547,24.350000381469727,13800
2021-08-20,17.299524307250977,24.190000534057617,24.200000762939453,24.059999465942383,24.200000762939453,10300
2021-08-23,17.213703155517578,24.06999969482422,24.290000915527344,24.059999465942383,24.09000015258789,13800
2021-08-24,17.206554412841797,24.059999465942383,24.149999618530277,24.030000686645508,24.100000381469727,12300
2021-08-25,17.256614685058594,24.1299991607666,24.38999938964844,24.0,24.100000381469727,30200
2021-08-26,17.228012084960938,24.09000015258789,24.170000076293945,24.040000915527344,24.059999465942383,8000
2021-08-27,17.449705123901367,24.399999618530277,24.399999618530277,24.15999984741211,24.15999984741211,20500
2021-08-30,17.349586486816406,24.26000022888184,24.399999618530277,24.149999618530277,24.25,15500
2021-08-31,17.32097816467285,24.21999931335449,24.440000534057617,24.18000030517578,24.18000030517578,42200
2021-09-01,17.47831153869629,24.440000534057617,24.450000762939453,24.149999618530277,24.149999618530277,12700
2021-09-02,17.45686149597168,24.40999984741211,24.440000534057617,24.190000534057617,24.200000762939453,45100
2021-09-03,17.45686149597168,24.40999984741211,24.40999984741211,24.32999992370605,24.32999992370605,7100
2021-09-07,17.428251266479492,24.3700008392334,24.399999618530277,24.299999237060547,24.399999618530277,5700
2021-09-08,17.385345458984375,24.309999465942383,24.3700008392334,24.299999237060547,24.299999237060547,4500
2021-09-09,17.39964485168457,24.32999992370605,24.3700008392334,24.25,24.280000686645508,15900
2021-09-10,17.449705123901367,24.399999618530277,24.399999618530277,24.299999237060547,24.299999237060547,3000
2021-09-13,17.442556381225586,24.38999938964844,24.399999618530277,24.299999237060547,24.399999618530277,12600
2021-09-14,17.47831153869629,24.440000534057617,24.57999992370605,24.299999237060547,24.299999237060547,33500
2021-09-15,17.635648727416992,24.65999984741211,24.68000030517578,24.350000381469727,24.350000381469727,23200
2021-09-16,17.757219314575195,24.82999992370605,24.82999992370605,24.540000915527344,24.59000015258789,15900
2021-09-17,17.607038497924805,24.6200008392334,24.790000915527344,24.61000061035156,24.670000076293945,10300
2021-09-20,17.55698013305664,24.549999237060547,24.76000022888184,24.420000076293945,24.5,13100
2021-09-21,17.514070510864258,24.489999771118164,24.6200008392334,24.350000381469727,24.600000381469727,6000
2021-09-22,17.55698013305664,24.549999237060547,24.600000381469727,24.51000022888184,24.59000015258789,13900
2021-09-23,17.54267692565918,24.530000686645508,24.65999984741211,24.459999084472656,24.549999237060547,17100
2021-09-24,17.506919860839844,24.479999542236328,24.530000686645508,24.46999931335449,24.530000686645508,10800
2021-09-27,17.52837562561035,24.51000022888184,24.51000022888184,24.450000762939453,24.459999084472656,16100
2021-09-28,17.421098709106445,24.36000061035156,24.43000030517578,24.280000686645508,24.43000030517578,13500
2021-09-29,17.413949966430664,24.350000381469727,24.520000457763672,24.34000015258789,24.450000762939453,66200
2021-09-30,17.242311477661133,24.11000061035156,24.399999618530277,24.11000061035156,24.350000381469727,105300
2021-10-01,17.32097816467285,24.21999931335449,24.3700008392334,24.11000061035156,24.18000030517578,83600
2021-10-04,17.3638916015625,24.280000686645508,24.399999618530277,24.25,24.25,30900
2021-10-05,17.378192901611328,24.299999237060547,24.450000762939453,24.25,24.280000686645508,61800
2021-10-06,17.413949966430664,24.350000381469727,24.420000076293945,24.25,24.309999465942383,78300
2021-10-07,17.449705123901367,24.399999618530277,24.489999771118164,24.32999992370605,24.3799991607666,65000
2021-10-08,17.52121925354004,24.5,24.5,24.299999237060547,24.350000381469727,10300
2021-10-11,17.46401023864746,24.420000076293945,24.479999542236328,24.200000762939453,24.40999984741211,13100
2021-10-12,17.492616653442383,24.459999084472656,24.5,24.420000076293945,24.479999542236328,21300
2021-10-13,17.48546600341797,24.450000762939453,24.549999237060547,24.43000030517578,24.479999542236328,107600
2021-10-14,17.552217483520508,24.190000534057617,24.299999237060547,24.100000381469727,24.299999237060547,35600
2021-10-15,17.472402572631836,24.07999992370605,24.229999542236328,24.07999992370605,24.190000534057617,19800
2021-10-18,17.472402572631836,24.07999992370605,24.15999984741211,24.0,24.07999992370605,7600
2021-10-19,17.479660034179688,24.09000015258789,24.270000457763672,24.09000015258789,24.100000381469727,7800
2021-10-20,17.552217483520508,24.190000534057617,24.25,24.07999992370605,24.07999992370605,15500
2021-10-21,17.595754623413086,24.25,24.25,24.21999931335449,24.239999771118164,5400
2021-10-22,17.566730499267578,24.209999084472656,24.270000457763672,24.170000076293945,24.170000076293945,14500
2021-10-25,17.610267639160156,24.270000457763672,24.270000457763672,24.149999618530277,24.229999542236328,9900
2021-10-26,17.603010177612305,24.26000022888184,24.280000686645508,24.1299991607666,24.280000686645508,9000
2021-10-27,17.632034301757812,24.299999237060547,24.43000030517578,24.170000076293945,24.200000762939453,26000
2021-10-28,17.566730499267578,24.209999084472656,24.299999237060547,24.049999237060547,24.299999237060547,6900
2021-10-29,17.595754623413086,24.25,24.290000915527344,24.18000030517578,24.290000915527344,15000
2021-11-01,17.595754623413086,24.25,24.399999618530277,24.170000076293945,24.200000762939453,23300
2021-11-02,17.595754623413086,24.25,24.290000915527344,24.15999984741211,24.170000076293945,27500
2021-11-03,17.573989868164062,24.21999931335449,24.38999938964844,24.21999931335449,24.25,14800
2021-11-04,17.66831398010254,24.350000381469727,24.3799991607666,24.21999931335449,24.299999237060547,12600
2021-11-05,17.53770637512207,24.170000076293945,24.280000686645508,24.1299991607666,24.229999542236328,16700
2021-11-08,17.559476852416992,24.200000762939453,24.229999542236328,24.100000381469727,24.18000030517578,25400
2021-11-09,17.48691749572754,24.100000381469727,24.200000762939453,24.100000381469727,24.190000534057617,7900
2021-11-10,17.48691749572754,24.100000381469727,24.13999938964844,24.030000686645508,24.100000381469727,13600
2021-11-11,17.42160987854004,24.01000022888184,24.100000381469727,24.01000022888184,24.100000381469727,9900
2021-11-12,17.399843215942383,23.979999542236328,24.1299991607666,23.959999084472656,24.06999969482422,5000
2021-11-15,17.36356544494629,23.93000030517578,24.11000061035156,23.899999618530277,24.049999237060547,17100
2021-11-16,17.298261642456055,23.84000015258789,23.899999618530277,23.84000015258789,23.899999618530277,9500
2021-11-17,17.11686134338379,23.59000015258789,23.799999237060547,23.51000022888184,23.799999237060547,12200
2021-11-18,17.153141021728516,23.63999938964844,23.649999618530277,23.5,23.649999618530277,17400
2021-11-19,17.167652130126953,23.65999984741211,23.690000534057617,23.63999938964844,23.649999618530277,7200
2021-11-22,16.899181365966797,23.290000915527344,23.649999618530277,23.229999542236328,23.649999618530277,15900
2021-11-23,16.899181365966797,23.290000915527344,23.6200008392334,23.200000762939453,23.200000762939453,22000
2021-11-24,17.051557540893555,23.5,23.57999992370605,23.290000915527344,23.290000915527344,6100
2021-11-26,16.630712509155273,22.920000076293945,23.5,22.76000022888184,23.489999771118164,25300
2021-11-29,16.812108993530273,23.170000076293945,23.489999771118164,22.989999771118164,23.209999084472656,14700
2021-11-30,16.536380767822266,22.790000915527344,23.40999984741211,22.780000686645508,23.190000534057617,33300
2021-12-01,16.079254150390625,22.15999984741211,23.030000686645508,22.100000381469727,22.850000381469727,18100
2021-12-02,16.49284553527832,22.729999542236328,22.790000915527344,22.0,22.149999618530277,22100
2021-12-03,16.275165557861328,22.43000030517578,22.63999938964844,22.309999465942383,22.63999938964844,11400
2021-12-06,16.550891876220703,22.809999465942383,22.940000534057617,22.559999465942383,22.649999618530277,11600
2021-12-07,16.732290267944336,23.059999465942383,23.149999618530277,22.649999618530277,22.850000381469727,20300
2021-12-08,16.70326805114746,23.020000457763672,23.31999969482422,23.020000457763672,23.149999618530277,31800
2021-12-09,16.739545822143555,23.06999969482422,23.21999931335449,23.049999237060547,23.18000030517578,13900
2021-12-10,16.761316299438477,23.100000381469727,23.100000381469727,22.950000762939453,23.020000457763672,11200
2021-12-13,16.362239837646484,22.549999237060547,23.100000381469727,22.549999237060547,22.950000762939453,16600
2021-12-14,16.362239837646484,22.549999237060547,22.850000381469727,22.549999237060547,22.65999984741211,9700
2021-12-15,16.29693603515625,22.459999084472656,22.549999237060547,22.32999992370605,22.549999237060547,23500
2021-12-16,16.159072875976562,22.270000457763672,22.670000076293945,22.270000457763672,22.459999084472656,32800
2021-12-17,15.825294494628906,21.809999465942383,22.270000457763672,21.75,22.270000457763672,15800
2021-12-20,15.070673942565918,20.770000457763672,21.799999237060547,20.63999938964844,21.799999237060547,22400
2021-12-21,15.22304916381836,20.979999542236328,21.290000915527344,20.799999237060547,20.84000015258789,12500
2021-12-22,15.60036277770996,21.5,21.5,20.979999542236328,20.979999542236328,11800
2021-12-23,15.803526878356934,21.780000686645508,21.899999618530277,21.5,21.700000762939453,11500
2021-12-27,15.658409118652344,21.57999992370605,22.020000457763672,21.5,21.790000915527344,17700
2021-12-28,15.730968475341797,21.68000030517578,21.68000030517578,21.549999237060547,21.57999992370605,14900
2021-12-29,15.963160514831545,22.0,22.040000915527344,21.450000762939453,21.549999237060547,28200
2021-12-30,16.07200050354004,22.149999618530277,22.239999771118164,21.950000762939453,21.989999771118164,27100
2021-12-31,16.028467178344727,22.09000015258789,22.21999931335449,21.770000457763672,21.989999771118164,20300
2022-01-03,16.12278938293457,22.21999931335449,22.239999771118164,22.09000015258789,22.09000015258789,7800
2022-01-04,16.137300491333008,22.239999771118164,22.489999771118164,22.07999992370605,22.350000381469727,36300
2022-01-05,15.701942443847656,21.63999938964844,22.229999542236328,21.59000015258789,22.229999542236328,18800
2022-01-06,16.217119216918945,22.350000381469727,22.5,21.239999771118164,21.81999969482422,47500
2022-01-07,15.912368774414062,21.93000030517578,22.31999969482422,21.93000030517578,22.0,18800
2022-01-10,16.086511611938477,22.170000076293945,22.170000076293945,21.709999084472656,21.93000030517578,25000
2022-01-11,15.912368774414062,21.93000030517578,22.1299991607666,21.93000030517578,22.1299991607666,33300
2022-01-12,15.963160514831545,22.0,22.11000061035156,21.809999465942383,22.11000061035156,39200
2022-01-13,16.222721099853516,22.0,22.0,21.709999084472656,22.0,34900
2022-01-14,16.207975387573242,21.979999542236328,22.25,21.81999969482422,22.0,11000
2022-01-18,15.809782028198242,21.440000534057617,22.170000076293945,21.440000534057617,22.170000076293945,26700
2022-01-19,15.927762031555176,21.600000381469727,21.88999938964844,21.600000381469727,21.700000762939453,7000
2022-01-20,16.060497283935547,21.780000686645508,21.8799991607666,21.61000061035156,21.61000061035156,19400
2022-01-21,15.87614631652832,21.530000686645508,21.8799991607666,21.5,21.850000381469727,10900
2022-01-24,15.972006797790527,21.65999984741211,21.729999542236328,21.030000686645508,21.600000381469727,38600
2022-01-25,15.780282974243164,21.399999618530277,21.84000015258789,21.209999084472656,21.56999969482422,10300
2022-01-26,15.581186294555664,21.1299991607666,21.770000457763672,21.1299991607666,21.459999084472656,10400
2022-01-27,15.160871505737305,20.559999465942383,21.3700008392334,20.51000022888184,21.209999084472656,35500
2022-01-28,15.01339340209961,20.36000061035156,20.75,20.36000061035156,20.690000534057617,18400
2022-01-31,15.404210090637209,20.88999938964844,21.049999237060547,19.809999465942383,19.809999465942383,45800
2022-02-01,15.632806777954102,21.200000762939453,21.489999771118164,20.75,21.440000534057617,45400
2022-02-02,15.15349578857422,20.549999237060547,21.270000457763672,20.440000534057617,21.270000457763672,13300
2022-02-03,15.138750076293944,20.530000686645508,20.530000686645508,20.270000457763672,20.520000457763672,13500
2022-02-04,14.983895301818848,20.31999969482422,20.450000762939453,20.11000061035156,20.440000534057617,8400
2022-02-07,14.81429672241211,20.09000015258789,20.31999969482422,20.049999237060547,20.31999969482422,20600
2022-02-08,14.711058616638184,19.950000762939453,20.32999992370605,19.950000762939453,20.100000381469727,22200
2022-02-09,14.6299467086792,19.84000015258789,20.100000381469727,19.799999237060547,20.0,14900
2022-02-10,14.57095718383789,19.76000022888184,20.020000457763672,19.5,19.799999237060547,19100
2022-02-11,14.482463836669922,19.63999938964844,19.850000381469727,19.5,19.850000381469727,20800
2022-02-14,14.275995254516602,19.36000061035156,19.6299991607666,19.299999237060547,19.6299991607666,13000
2022-02-15,14.30549144744873,19.399999618530277,19.61000061035156,19.3799991607666,19.51000022888184,13200
2022-02-16,14.460346221923828,19.61000061035156,19.899999618530277,19.459999084472656,19.75,20800
2022-02-17,14.408726692199709,19.540000915527344,20.020000457763672,19.5,19.799999237060547,25200
2022-02-18,14.379234313964844,19.5,19.700000762939453,19.5,19.56999969482422,12900
2022-02-22,14.379234313964844,19.5,19.84000015258789,19.5,19.709999084472656,14900
2022-02-23,14.20963191986084,19.270000457763672,19.71999931335449,19.1200008392334,19.700000762939453,29200
2022-02-24,13.818808555603027,18.739999771118164,19.0,18.440000534057617,19.0,18100
2022-02-25,13.804059028625488,18.71999931335449,19.0,18.57999992370605,18.61000061035156,10500
2022-02-28,13.582843780517578,18.420000076293945,18.82999992370605,18.32999992370605,18.399999618530277,41200
2022-03-01,13.752445220947266,18.649999618530277,18.82999992370605,18.549999237060547,18.600000381469727,8700
2022-03-02,13.693451881408691,18.56999969482422,18.75,18.559999465942383,18.729999542236328,36800
2022-03-03,13.715574264526367,18.600000381469727,18.82999992370605,18.479999542236328,18.600000381469727,14300
2022-03-04,13.715574264526367,18.600000381469727,18.71999931335449,18.5,18.600000381469727,41800
2022-03-07,13.568095207214355,18.399999618530277,18.51000022888184,18.25,18.36000061035156,18600
2022-03-08,13.811434745788574,18.729999542236328,18.729999542236328,18.36000061035156,18.3700008392334,16100
2022-03-09,13.789315223693848,18.700000762939453,18.700000762939453,18.51000022888184,18.670000076293945,16300
2022-03-10,13.663958549499512,18.530000686645508,18.649999618530277,18.5,18.600000381469727,15200
2022-03-11,13.678703308105469,18.549999237060547,18.68000030517578,18.5,18.65999984741211,13600
2022-03-14,13.501727104187012,18.309999465942383,18.5,18.229999542236328,18.420000076293945,27900
2022-03-15,13.376370429992676,18.13999938964844,18.46999931335449,18.0,18.200000762939453,13400
2022-03-16,13.405869483947754,18.18000030517578,18.25,18.040000915527344,18.229999542236328,27300
2022-03-17,13.44273853302002,18.229999542236328,18.5,18.200000762939453,18.21999931335449,25800
2022-03-18,13.568095207214355,18.399999618530277,18.5,18.299999237060547,18.399999618530277,60100
2022-03-21,13.568095207214355,18.399999618530277,18.43000030517578,18.229999542236328,18.399999618530277,27800
2022-03-22,13.479607582092283,18.280000686645508,18.43000030517578,18.200000762939453,18.32999992370605,12300
2022-03-23,13.295258522033691,18.030000686645508,18.34000015258789,18.030000686645508,18.1200008392334,48300
2022-03-24,13.44273853302002,18.229999542236328,18.399999618530277,18.030000686645508,18.030000686645508,29200
2022-03-25,13.376370429992676,18.13999938964844,18.21999931335449,18.030000686645508,18.21999931335449,13900
2022-03-28,13.391119003295898,18.15999984741211,18.25,18.1200008392334,18.190000534057617,5000
2022-03-29,13.52385139465332,18.34000015258789,18.36000061035156,18.15999984741211,18.34000015258789,13300
2022-03-30,13.383745193481444,18.149999618530277,18.34000015258789,18.1299991607666,18.34000015258789,27400
2022-03-31,13.35425090789795,18.11000061035156,18.299999237060547,18.100000381469727,18.200000762939453,73000
2022-04-01,13.280509948730469,18.010000228881836,18.209999084472656,17.719999313354492,18.200000762939453,69100
2022-04-04,13.03717041015625,17.68000030517578,18.1299991607666,17.65999984741211,17.93000030517578,39300
2022-04-05,12.904438972473145,17.5,17.799999237060547,17.5,17.6200008392334,38100
2022-04-06,12.94868278503418,17.559999465942383,17.600000381469727,17.25,17.510000228881836,39800
2022-04-07,12.823324203491213,17.389999389648438,17.700000762939453,17.239999771118164,17.43000030517578,28800
2022-04-08,12.557862281799316,17.030000686645508,17.59000015258789,17.0,17.399999618530273,29400
2022-04-11,12.380887985229492,16.790000915527344,17.15999984741211,16.639999389648438,17.15999984741211,28300
2022-04-12,12.388259887695312,16.799999237060547,16.979999542236328,16.610000610351562,16.809999465942383,23500
2022-04-13,12.118623733520508,16.09000015258789,16.780000686645508,15.8100004196167,16.5,84400
2022-04-14,12.050837516784668,16.0,16.079999923706055,15.75,16.010000228881836,41100
2022-04-18,11.975520133972168,15.899999618530272,16.09000015258789,15.84000015258789,16.0,33400
2022-04-19,11.960454940795898,15.880000114440918,16.049999237060547,15.789999961853027,15.869999885559082,40900
2022-04-20,11.870076179504396,15.760000228881836,16.100000381469727,15.699999809265137,15.880000114440918,51900
2022-04-21,12.088496208190918,16.049999237060547,16.200000762939453,15.899999618530272,16.200000762939453,23700
2022-04-22,12.080965042114258,16.040000915527344,16.200000762939453,15.899999618530272,16.059999465942383,70600
2022-04-25,12.21653652191162,16.219999313354492,16.229999542236328,15.899999618530272,16.040000915527344,50500
2022-04-26,12.126155853271484,16.100000381469727,16.309999465942383,16.0,16.309999465942383,15600
2022-04-27,12.141220092773438,16.1200008392334,16.239999771118164,16.059999465942383,16.059999465942383,17300
2022-04-28,12.239131927490234,16.25,16.3799991607666,16.1200008392334,16.18000030517578,16000
2022-04-29,12.540403366088867,16.649999618530273,16.989999771118164,16.25,16.989999771118164,49200
2022-05-02,12.578062057495115,16.700000762939453,16.709999084472656,16.450000762939453,16.59000015258789,24000
2022-05-03,13.097753524780272,17.389999389648438,17.780000686645508,16.899999618530273,17.5,43500
2022-05-04,13.2935791015625,17.649999618530273,17.649999618530273,17.139999389648438,17.139999389648438,30900
2022-05-05,13.301112174987791,17.65999984741211,17.790000915527344,17.0,17.459999084472656,31400
2022-05-06,13.233325958251951,17.56999969482422,17.610000610351562,17.34000015258789,17.34000015258789,9500
2022-05-09,12.87933349609375,17.100000381469727,17.549999237060547,17.100000381469727,17.549999237060547,26200
2022-05-10,12.56299877166748,16.68000030517578,17.190000534057617,16.65999984741211,17.149999618530273,23800
2022-05-11,12.984776496887209,17.239999771118164,17.280000686645508,16.15999984741211,16.719999313354492,21900
2022-05-12,12.871801376342772,17.09000015258789,17.329999923706055,16.469999313354492,16.469999313354492,14300
2022-05-13,12.9923095703125,17.25,17.260000228881836,16.899999618530273,16.950000762939453,16400
2022-05-16,12.871801376342772,17.09000015258789,17.149999618530273,16.93000030517578,17.0,11700
2022-05-17,12.781420707702637,16.969999313354492,17.34000015258789,16.950000762939453,17.049999237060547,17300
2022-05-18,12.706103324890137,16.8700008392334,17.1200008392334,16.799999237060547,17.1200008392334,15700
2022-05-19,13.278515815734863,17.6299991607666,17.719999313354492,16.8700008392334,17.25,38300
2022-05-20,13.127881050109863,17.43000030517578,17.829999923706055,17.209999084472656,17.579999923706055,12600
2022-05-23,12.92452335357666,17.15999984741211,17.5,17.139999389648438,17.5,10000
2022-05-24,13.029967308044434,17.299999237060547,17.389999389648438,17.15999984741211,17.15999984741211,10000
2022-05-25,13.459278106689451,17.8700008392334,17.889999389648438,17.299999237060547,17.299999237060547,10600
2022-05-26,13.459278106689451,17.8700008392334,18.06999969482422,17.719999313354492,17.899999618530273,9700
2022-05-27,14.235051155090332,18.899999618530277,18.899999618530277,17.920000076293945,17.920000076293945,17700
2022-05-31,14.686962127685549,19.5,19.799999237060547,18.09000015258789,18.170000076293945,46800
2022-06-01,14.686962127685549,19.5,19.61000061035156,18.81999969482422,19.549999237060547,17100
2022-06-02,14.506196022033691,19.26000022888184,19.65999984741211,19.09000015258789,19.5,33500
2022-06-03,14.310369491577148,19.0,19.5,18.93000030517578,19.200000762939453,7600
2022-06-06,14.152201652526855,18.790000915527344,19.32999992370605,18.700000762939453,19.100000381469727,7400
2022-06-07,14.38568878173828,19.100000381469727,19.450000762939453,18.600000381469727,18.86000061035156,12000
2022-06-08,14.747212409973145,19.57999992370605,19.68000030517578,18.26000022888184,19.13999938964844,22800
2022-06-09,14.536322593688965,19.299999237060547,19.71999931335449,19.299999237060547,19.57999992370605,22100
2022-06-10,14.317903518676758,19.01000022888184,19.36000061035156,18.399999618530277,19.299999237060547,23700
2022-06-13,12.75129222869873,16.93000030517578,18.729999542236328,16.670000076293945,18.729999542236328,40400
2022-06-14,12.585593223571776,16.709999084472656,17.510000228881836,16.309999465942383,16.959999084472656,18100
2022-06-15,12.773887634277344,16.959999084472656,17.389999389648438,16.8700008392334,16.989999771118164,19700
2022-06-16,12.593125343322754,16.719999313354492,17.079999923706055,16.510000228881836,17.06999969482422,33600
2022-06-17,12.713632583618164,16.8799991607666,17.040000915527344,16.600000381469727,17.010000228881836,4000
2022-06-21,12.72116470336914,16.889999389648438,17.299999237060547,16.8799991607666,17.09000015258789,10600
2022-06-22,12.43496036529541,16.510000228881836,17.15999984741211,16.5,17.0,13800
2022-06-23,12.517807006835938,16.6200008392334,17.290000915527344,16.40999984741211,16.489999771118164,8500
2022-06-24,12.75129222869873,16.93000030517578,17.280000686645508,16.799999237060547,16.799999237060547,4300
2022-06-27,12.62325382232666,16.760000228881836,16.959999084472656,16.68000030517578,16.68000030517578,7600
2022-06-28,12.239131927490234,16.25,16.850000381469727,16.149999618530273,16.84000015258789,19000
2022-06-29,12.163812637329102,16.149999618530273,16.40999984741211,16.139999389648438,16.40999984741211,12200
2022-06-30,12.254196166992188,16.270000457763672,16.459999084472656,16.059999465942383,16.059999465942383,7900
2022-07-01,12.4274263381958,16.5,16.729999542236328,16.010000228881836,16.010000228881836,19700
2022-07-05,12.352108001708984,16.399999618530273,16.8799991607666,16.0,16.489999771118164,55200
2022-07-06,12.472618103027344,16.559999465942383,16.559999465942383,16.059999465942383,16.329999923706055,12200
2022-07-07,12.103558540344238,16.06999969482422,16.549999237060547,15.859999656677246,16.549999237060547,67400
2022-07-08,12.337043762207031,16.3799991607666,16.3799991607666,16.0,16.06999969482422,12500
2022-07-11,12.397299766540527,16.459999084472656,16.610000610351562,16.229999542236328,16.309999465942383,15500
2022-07-12,12.397299766540527,16.459999084472656,16.530000686645508,16.200000762939453,16.389999389648438,15200
2022-07-13,12.374704360961914,16.43000030517578,16.440000534057617,16.149999618530273,16.299999237060547,5300
2022-07-14,12.391637802124023,16.100000381469727,16.450000762939453,16.0,16.399999618530273,13700
2022-07-15,12.314669609069824,16.0,16.40999984741211,16.0,16.1299991607666,16300
2022-07-18,12.42242431640625,16.139999389648438,16.309999465942383,16.010000228881836,16.25,8600
2022-07-19,12.330063819885254,16.020000457763672,16.260000228881836,15.989999771118164,16.059999465942383,20300
2022-07-20,12.291581153869627,15.970000267028809,16.360000610351562,15.899999618530272,16.020000457763672,16500
2022-07-21,12.276185989379885,15.949999809265137,16.100000381469727,15.609999656677246,15.609999656677246,16200
2022-07-22,12.345457077026367,16.040000915527344,16.139999389648438,15.890000343322754,15.979999542236328,19400
2022-07-25,12.276185989379885,15.949999809265137,16.219999313354492,15.890000343322754,15.90999984741211,10200
2022-07-26,12.222309112548828,15.880000114440918,15.9399995803833,15.699999809265137,15.899999618530272,10200
2022-07-27,12.168435096740724,15.8100004196167,16.079999923706055,15.800000190734863,15.899999618530272,20700
2022-07-28,12.383940696716309,16.09000015258789,16.15999984741211,15.850000381469728,15.850000381469728,2600
2022-07-29,13.015067100524902,16.90999984741211,17.0,16.079999923706055,16.079999923706055,51700
2022-08-01,13.161303520202637,17.100000381469727,17.25,16.68000030517578,16.68000030517578,32200
2022-08-02,13.984848976135254,18.170000076293945,18.82999992370605,16.790000915527344,17.170000076293945,38800
2022-08-03,14.423556327819824,18.739999771118164,18.8700008392334,18.18000030517578,18.18000030517578,17200
2022-08-04,14.446646690368652,18.770000457763672,18.950000762939453,18.299999237060547,18.68000030517578,66800
2022-08-05,13.907880783081056,18.06999969482422,18.5,18.0,18.5,13200
2022-08-08,13.938666343688965,18.11000061035156,18.21999931335449,18.059999465942383,18.100000381469727,31500
2022-08-09,13.63849639892578,17.719999313354492,18.06999969482422,17.219999313354492,18.06999969482422,16900
2022-08-10,13.630799293518066,17.709999084472656,17.93000030517578,17.5,17.5,12700
2022-08-11,13.292146682739258,17.270000457763672,18.170000076293945,17.020000457763672,17.719999313354492,8100
2022-08-12,13.484563827514648,17.520000457763672,17.760000228881836,17.1299991607666,17.25,8400
2022-08-15,13.461472511291504,17.489999771118164,17.760000228881836,17.360000610351562,17.469999313354492,4100
2022-08-16,13.60001277923584,17.670000076293945,17.889999389648438,17.299999237060547,17.520000457763672,12300
2022-08-17,13.322932243347168,17.309999465942383,17.549999237060547,17.040000915527344,17.549999237060547,7600
2022-08-18,13.115124702453612,17.040000915527344,17.719999313354492,17.0,17.0,5100
2022-08-19,13.33832836151123,17.329999923706055,17.329999923706055,16.420000076293945,16.8799991607666,14800
2022-08-22,12.722594261169434,16.530000686645508,17.0,16.450000762939453,17.0,11100
2022-08-23,12.129950523376465,15.760000228881836,16.559999465942383,15.600000381469728,16.559999465942383,49500
2022-08-24,12.299275398254396,15.979999542236328,16.079999923706055,15.75,15.800000190734863,16400
2022-08-25,12.4993896484375,16.239999771118164,16.3799991607666,15.899999618530272,15.899999618530272,8100
2022-08-26,12.199219703674316,15.850000381469728,16.149999618530273,15.850000381469728,16.1200008392334,7300
2022-08-29,12.314669609069824,16.0,16.110000610351562,15.800000190734863,15.93000030517578,13000
2022-08-30,12.00680446624756,15.600000381469728,16.030000686645508,15.600000381469728,16.030000686645508,19400
2022-08-31,11.852869987487791,15.399999618530272,15.869999885559082,15.050000190734863,15.609999656677246,43700
2022-09-01,12.01449966430664,15.609999656677246,16.0,14.960000038146973,14.960000038146973,8300
2022-09-02,11.737419128417969,15.25,15.93000030517578,15.25,15.470000267028809,11800
2022-09-06,11.645060539245604,15.130000114440918,15.40999984741211,15.0,15.40999984741211,9900
2022-09-07,11.31410312652588,14.699999809265137,15.489999771118164,14.279999732971191,15.210000038146973,17800
2022-09-08,10.43668270111084,13.5600004196167,14.699999809265137,13.0,14.229999542236328,56200
2022-09-09,10.398198127746582,13.510000228881836,14.18000030517578,13.510000228881836,14.100000381469728,32200
2022-09-12,10.3905029296875,13.5,14.359999656677246,13.34000015258789,13.520000457763672,34700
2022-09-13,10.313535690307615,13.399999618530272,13.600000381469728,13.130000114440918,13.5600004196167,16300
2022-09-14,10.144208908081056,13.18000030517578,13.420000076293944,13.0,13.399999618530272,29600
2022-09-15,9.859434127807615,12.8100004196167,13.34000015258789,12.640000343322754,13.100000381469728,13300
2022-09-16,9.736286163330078,12.649999618530272,12.989999771118164,12.5,12.989999771118164,35700
2022-09-19,9.57465648651123,12.4399995803833,13.079999923706056,12.140000343322754,12.5,43600
2022-09-20,9.466901779174805,12.300000190734863,12.770000457763672,12.229999542236328,12.460000038146973,20200
2022-09-21,8.92813777923584,11.600000381469728,12.75,11.600000381469728,12.199999809265137,45300
2022-09-22,8.558694839477539,11.119999885559082,11.510000228881836,11.010000228881836,11.5,43100
2022-09-23,8.227737426757812,10.6899995803833,11.170000076293944,10.5,11.119999885559082,61800
2022-09-26,7.51964521408081,9.770000457763672,11.630000114440918,9.510000228881836,10.65999984741211,87300
2022-09-27,7.812118053436279,10.149999618530272,10.93000030517578,9.75,10.050000190734863,63000
2022-09-28,8.95892333984375,11.640000343322754,11.869999885559082,9.989999771118164,9.989999771118164,49800
2022-09-29,9.24370002746582,12.010000228881836,12.380000114440918,11.199999809265137,11.420000076293944,38300
2022-09-30,9.105159759521484,11.829999923706056,12.199999809265137,11.09000015258789,11.350000381469728,101900
2022-10-03,8.766507148742676,11.390000343322754,12.149999618530272,11.050000190734863,11.369999885559082,24500
2022-10-04,8.95892333984375,11.640000343322754,12.300000190734863,11.5,11.5,17900
2022-10-05,9.051281929016112,11.760000228881836,12.3100004196167,11.59000015258789,11.59000015258789,24300
2022-10-06,8.743414878845215,11.359999656677246,12.149999618530272,11.31999969482422,11.829999923706056,48500
2022-10-07,8.98970890045166,11.68000030517578,11.68000030517578,11.359999656677246,11.359999656677246,8600
2022-10-10,9.466901779174805,12.300000190734863,12.40999984741211,11.3100004196167,11.479999542236328,33500
2022-10-11,9.259093284606934,12.029999732971191,12.3100004196167,11.800000190734863,12.300000190734863,21800
2022-10-12,9.489992141723633,12.329999923706056,12.8100004196167,11.8100004196167,12.010000228881836,35800
2022-10-13,9.586651802062988,12.100000381469728,13.0600004196167,12.100000381469728,12.260000228881836,21000
2022-10-14,9.74510669708252,12.300000190734863,12.520000457763672,12.15999984741211,12.520000457763672,18300
2022-10-17,9.68964958190918,12.229999542236328,12.390000343322754,12.0600004196167,12.300000190734863,15400
2022-10-18,9.816413879394531,12.390000343322754,12.5600004196167,12.25,12.25,54800
2022-10-19,9.753031730651855,12.3100004196167,12.489999771118164,12.220000267028809,12.380000114440918,8600
2022-10-20,9.602495193481444,12.119999885559082,12.5,12.010000228881836,12.369999885559082,37600
2022-10-21,9.705492973327637,12.25,12.420000076293944,12.010000228881836,12.119999885559082,31400
2022-10-24,9.547038078308104,12.050000190734863,12.279999732971191,12.050000190734863,12.279999732971191,10400
2022-10-25,9.539113998413086,12.039999961853027,12.199999809265137,11.789999961853027,12.029999732971191,52700
2022-10-26,9.380656242370604,11.84000015258789,12.619999885559082,11.81999969482422,12.020000457763672,42400
2022-10-27,9.198431968688965,11.609999656677246,12.050000190734863,11.479999542236328,11.899999618530272,70400
2022-10-28,9.23012351989746,11.649999618530272,12.199999809265137,11.5,12.199999809265137,23100
2022-10-31,9.673802375793455,12.210000038146973,12.34000015258789,11.56999969482422,11.630000114440918,17300
2022-11-01,9.428194999694824,11.899999618530272,12.970000267028809,11.75,12.6899995803833,29500
2022-11-02,9.428194999694824,11.899999618530272,12.56999969482422,11.5,11.56999969482422,38400
2022-11-03,9.428194999694824,11.899999618530272,12.5,11.18000030517578,11.65999984741211,21800
2022-11-04,9.285582542419434,11.720000267028809,11.93000030517578,11.56999969482422,11.739999771118164,8600
2022-11-07,9.372735023498535,11.829999923706056,12.079999923706056,11.600000381469728,11.779999732971191,8400
2022-11-08,9.428194999694824,11.899999618530272,12.149999618530272,11.829999923706056,11.899999618530272,26700
2022-11-09,9.586651802062988,12.100000381469728,12.199999809265137,11.5,11.9399995803833,36200
2022-11-10,9.982793807983398,12.600000381469728,12.979999542236328,12.149999618530272,12.31999969482422,21100
2022-11-11,10.28386116027832,12.979999542236328,12.979999542236328,12.380000114440918,12.75,12200
2022-11-14,9.919410705566406,12.520000457763672,12.859999656677246,12.5,12.779999732971191,18400
2022-11-15,9.93525505065918,12.539999961853027,12.800000190734863,12.510000228881836,12.510000228881836,12300
2022-11-16,9.91148853302002,12.510000228881836,12.699999809265137,12.369999885559082,12.699999809265137,23000
2022-11-17,9.68964958190918,12.229999542236328,12.600000381469728,12.15999984741211,12.390000343322754,5200
2022-11-18,9.14297103881836,11.539999961853027,12.380000114440918,11.539999961853027,12.380000114440918,32300
2022-11-21,9.119202613830566,11.510000228881836,11.670000076293944,11.489999771118164,11.670000076293944,10900
2022-11-22,9.380656242370604,11.84000015258789,11.960000038146973,11.510000228881836,11.68000030517578,7500
2022-11-23,9.372735023498535,11.829999923706056,12.229999542236328,11.65999984741211,11.65999984741211,13500
2022-11-25,9.48365306854248,11.970000267028809,12.220000267028809,11.800000190734863,11.800000190734863,4400
2022-11-28,9.135047912597656,11.529999732971191,11.970000267028809,11.380000114440918,11.970000267028809,27600
2022-11-29,8.849825859069824,11.170000076293944,11.770000457763672,11.109999656677246,11.399999618530272,69500
2022-11-30,9.5311918258667,12.029999732971191,12.039999961853027,11.100000381469728,11.25,50400
2022-12-01,9.705492973327637,12.25,12.350000381469728,12.039999961853027,12.039999961853027,10200
2022-12-02,9.5311918258667,12.029999732971191,12.380000114440918,11.75,12.020000457763672,21000
2022-12-05,9.507423400878906,12.0,12.029999732971191,11.649999618530272,12.010000228881836,60400
2022-12-06,9.515345573425291,12.010000228881836,12.130000114440918,11.65999984741211,11.899999618530272,86700
2022-12-07,9.507423400878906,12.0,12.010000228881836,11.720000267028809,11.920000076293944,61100
2022-12-08,9.26181411743164,11.6899995803833,12.010000228881836,11.68000030517578,12.010000228881836,77300
2022-12-09,8.92113208770752,11.260000228881836,11.68000030517578,11.210000038146973,11.449999809265137,31800
2022-12-12,8.826058387756348,11.140000343322754,11.359999656677246,11.109999656677246,11.239999771118164,33400
2022-12-13,8.818135261535645,11.130000114440918,11.59000015258789,11.06999969482422,11.239999771118164,30000
2022-12-14,8.841902732849121,11.15999984741211,11.579999923706056,11.09000015258789,11.09000015258789,104600
2022-12-15,8.770596504211426,11.06999969482422,11.260000228881836,11.050000190734863,11.100000381469728,33100
2022-12-16,8.754752159118652,11.050000190734863,11.449999809265137,11.010000228881836,11.449999809265137,8300
2022-12-19,8.723060607910156,11.010000228881836,11.199999809265137,11.0,11.0,48100
2022-12-20,8.71513843536377,11.0,11.4399995803833,11.0,11.0,31300
2022-12-21,8.71513843536377,11.0,11.119999885559082,11.0,11.010000228881836,51000
2022-12-22,8.675522804260254,10.949999809265137,11.09000015258789,10.739999771118164,11.0,100600
2022-12-23,8.548757553100586,10.789999961853027,11.270000457763672,10.75,10.989999771118164,51500
2022-12-27,8.493298530578613,10.720000267028809,10.960000038146973,10.68000030517578,10.800000190734863,58700
2022-12-28,8.564604759216309,10.8100004196167,11.0600004196167,10.68000030517578,10.75,77600
2022-12-29,8.556680679321289,10.800000190734863,11.270000457763672,10.65999984741211,10.899999618530272,46000
2022-12-30,8.556680679321289,10.800000190734863,11.06999969482422,10.5,10.93000030517578,344600
2023-01-03,8.92113208770752,11.260000228881836,11.289999961853027,10.880000114440918,11.0,19900
2023-01-04,8.984515190124512,11.34000015258789,11.470000267028809,11.100000381469728,11.15999984741211,17200
2023-01-05,8.770596504211426,11.06999969482422,11.300000190734863,11.06999969482422,11.1899995803833,24100
2023-01-06,9.222200393676758,11.640000343322754,11.84000015258789,11.0,11.0600004196167,45200
2023-01-09,9.404425621032717,11.869999885559082,11.899999618530272,11.619999885559082,11.729999542236328,12000
2023-01-10,9.420269966125488,11.890000343322754,11.890000343322754,11.56999969482422,11.829999923706056,5100
2023-01-11,9.824337005615234,12.399999618530272,12.399999618530272,11.84000015258789,11.84000015258789,21100
2023-01-12,10.192912101745604,12.5,12.550000190734863,12.0,12.050000190734863,52100
2023-01-13,9.899357795715332,12.140000343322754,12.390000343322754,12.109999656677246,12.390000343322754,8800
2023-01-17,9.654726028442385,11.84000015258789,12.289999961853027,11.609999656677246,12.1899995803833,30900
2023-01-18,9.948282241821287,12.199999809265137,12.329999923706056,11.84000015258789,11.84000015258789,30500
2023-01-19,10.029826164245604,12.300000190734863,12.300000190734863,11.989999771118164,12.100000381469728,10400
2023-01-20,9.883047103881836,12.119999885559082,12.210000038146973,11.890000343322754,12.210000038146973,21500
2023-01-23,9.809659957885742,12.029999732971191,12.130000114440918,11.970000267028809,12.100000381469728,11300
2023-01-24,10.013517379760742,12.279999732971191,12.289999961853027,11.979999542236328,11.979999542236328,15200
2023-01-25,9.989053726196287,12.25,12.300000190734863,11.979999542236328,12.279999732971191,16200
2023-01-26,10.404925346374512,12.760000228881836,12.779999732971191,12.350000381469728,12.43000030517578,16700
2023-01-27,10.698480606079102,13.119999885559082,13.31999969482422,12.65999984741211,12.65999984741211,21200
2023-01-30,10.682172775268556,13.100000381469728,13.25,13.029999732971191,13.09000015258789,19000
2023-01-31,10.722943305969238,13.149999618530272,13.289999961853027,12.920000076293944,13.050000190734863,23100
2023-02-01,9.785194396972656,12.0,13.199999809265137,11.949999809265137,13.1899995803833,92800
2023-02-02,9.9808988571167,12.239999771118164,12.710000038146973,12.0,12.010000228881836,137000
2023-02-03,10.103215217590332,12.390000343322754,12.420000076293944,12.050000190734863,12.050000190734863,52700
2023-02-06,10.021672248840332,12.289999961853027,12.489999771118164,12.119999885559082,12.369999885559082,387200
2023-02-07,9.989053726196287,12.25,12.34000015258789,12.149999618530272,12.220000267028809,43300
2023-02-08,9.825967788696287,12.050000190734863,12.300000190734863,11.600000381469728,12.199999809265137,208400
2023-02-09,9.573183059692385,11.739999771118164,12.0,11.729999542236328,12.0,116400
2023-02-10,9.605799674987791,11.779999732971191,11.81999969482422,11.630000114440918,11.6899995803833,58300
2023-02-13,9.581336975097656,11.75,11.880000114440918,11.699999809265137,11.880000114440918,69500
2023-02-14,9.540565490722656,11.699999809265137,11.8100004196167,11.65999984741211,11.65999984741211,91200
2023-02-15,9.426405906677246,11.5600004196167,11.720000267028809,11.5600004196167,11.649999618530272,66100
2023-02-16,9.874893188476562,12.109999656677246,12.229999542236328,11.539999961853027,11.649999618530272,78200
2023-02-17,9.825967788696287,12.050000190734863,12.149999618530272,11.720000267028809,11.84000015258789,123500
2023-02-21,9.785194396972656,12.0,12.109999656677246,11.770000457763672,11.9399995803833,109900
2023-02-22,9.825967788696287,12.050000190734863,12.449999809265137,11.800000190734863,11.899999618530272,99500
2023-02-23,10.070597648620604,12.350000381469728,12.399999618530272,12.0,12.0,199700
2023-02-24,10.233683586120604,12.550000190734863,12.550000190734863,12.119999885559082,12.199999809265137,83500
2023-02-27,10.258146286010742,12.579999923706056,13.100000381469728,12.380000114440918,12.539999961853027,126500
2023-02-28,10.127676963806152,12.420000076293944,13.420000076293944,12.380000114440918,12.5,1008500
2023-03-01,10.519083976745604,12.899999618530272,13.020000457763672,12.380000114440918,12.380000114440918,96500
2023-03-02,11.383444786071776,13.960000038146973,14.5600004196167,13.010000228881836,13.010000228881836,77500
2023-03-03,11.138813972473145,13.65999984741211,13.960000038146973,13.609999656677246,13.84000015258789,49900
2023-03-06,11.024654388427734,13.520000457763672,13.789999961853027,13.520000457763672,13.609999656677246,13500
2023-03-07,10.886030197143556,13.350000381469728,13.800000190734863,13.350000381469728,13.520000457763672,30800
2023-03-08,11.049118041992188,13.550000190734863,14.020000457763672,13.399999618530272,13.399999618530272,14200
2023-03-09,10.804486274719238,13.25,13.390000343322754,13.0,13.199999809265137,35200
2023-03-10,10.633244514465332,13.039999961853027,13.300000190734863,12.989999771118164,13.18000030517578,19500
2023-03-13,10.396771430969238,12.75,13.34000015258789,12.59000015258789,12.59000015258789,13800
2023-03-14,11.000191688537598,13.489999771118164,13.600000381469728,12.979999542236328,12.979999542236328,37000
2023-03-15,10.788178443908691,13.229999542236328,13.350000381469728,12.399999618530272,13.270000457763672,45600
2023-03-16,11.285592079162598,13.84000015258789,13.970000267028809,12.470000267028809,12.920000076293944,41900
2023-03-17,10.616938591003418,13.020000457763672,13.649999618530272,13.0,13.649999618530272,8700
2023-03-20,10.274456024169922,12.600000381469728,13.300000190734863,12.5600004196167,13.039999961853027,47900
2023-03-21,10.453850746154783,12.81999969482422,13.210000038146973,12.779999732971191,12.920000076293944,34600
2023-03-22,10.413080215454102,12.770000457763672,12.770000457763672,12.56999969482422,12.720000267028809,900
2023-03-23,10.616938591003418,13.020000457763672,13.5,12.399999618530272,12.619999885559082,14900
2023-03-24,10.266301155090332,12.59000015258789,13.100000381469728,12.59000015258789,13.0600004196167,2800
2023-03-27,9.989053726196287,12.25,12.699999809265137,12.25,12.699999809265137,8200
2023-03-28,9.817813873291016,12.039999961853027,12.93000030517578,12.039999961853027,12.239999771118164,10900
2023-03-29,10.192912101745604,12.5,12.529999732971191,11.890000343322754,12.0,68600
2023-03-30,10.111369132995604,12.399999618530272,12.5600004196167,12.350000381469728,12.520000457763672,61600
2023-03-31,10.404925346374512,12.760000228881836,12.770000457763672,12.1899995803833,12.1899995803833,31700
2023-04-03,10.266301155090332,12.59000015258789,12.9399995803833,12.5,12.890000343322754,31300
2023-04-04,10.266301155090332,12.59000015258789,12.59000015258789,12.550000190734863,12.59000015258789,5000
2023-04-05,10.168449401855469,12.470000267028809,12.470000267028809,12.119999885559082,12.199999809265137,4300
2023-04-06,10.111369132995604,12.399999618530272,12.399999618530272,12.039999961853027,12.3100004196167,6200
2023-04-10,10.054288864135742,12.329999923706056,12.329999923706056,12.199999809265137,12.199999809265137,3200
2023-04-11,10.152140617370604,12.449999809265137,13.699999809265137,12.350000381469728,13.460000038146973,175000
2023-04-12,9.353015899658203,11.470000267028809,12.800000190734863,11.279999732971191,12.699999809265137,140100
2023-04-13,9.522948265075684,11.31999969482422,12.0,11.25,11.25,114100
2023-04-14,9.253748893737791,11.0,11.649999618530272,11.0,11.260000228881836,69500
2023-04-17,9.304224014282228,11.0600004196167,11.34000015258789,10.899999618530272,11.170000076293944,52300
2023-04-18,9.186448097229004,10.920000076293944,11.149999618530272,10.920000076293944,11.0,42700
2023-04-19,8.959312438964844,10.649999618530272,10.920000076293944,10.649999618530272,10.899999618530272,29700
2023-04-20,8.950898170471191,10.640000343322754,10.75,10.399999618530272,10.630000114440918,45700
2023-04-21,9.001373291015625,10.699999809265137,10.949999809265137,10.40999984741211,10.420000076293944,30700
2023-04-24,8.908836364746094,10.59000015258789,10.760000228881836,10.56999969482422,10.760000228881836,11400
2023-04-25,8.589160919189453,10.210000038146973,10.710000038146973,10.210000038146973,10.56999969482422,25200
2023-04-26,8.765823364257812,10.420000076293944,10.609999656677246,10.220000267028809,10.220000267028809,76100
2023-04-27,9.119149208068848,10.84000015258789,10.869999885559082,10.510000228881836,10.720000267028809,18400
2023-04-28,9.657547950744627,11.479999542236328,11.479999542236328,10.829999923706056,10.829999923706056,57000
2023-05-01,9.87627410888672,11.739999771118164,11.949999809265137,11.3100004196167,11.949999809265137,78300
2023-05-02,9.421998023986816,11.199999809265137,11.6899995803833,11.100000381469728,11.6899995803833,82900
2023-05-03,9.001373291015625,10.699999809265137,11.31999969482422,10.699999809265137,11.199999809265137,33500
2023-05-04,8.959312438964844,10.649999618530272,10.949999809265137,10.640000343322754,10.880000114440918,13800
2023-05-05,9.001373291015625,10.699999809265137,10.869999885559082,10.600000381469728,10.789999961853027,24400
2023-05-08,9.144386291503906,10.869999885559082,11.220000267028809,10.699999809265137,10.699999809265137,9100
2023-05-09,9.337872505187988,11.100000381469728,11.100000381469728,10.600000381469728,10.600000381469728,46500
2023-05-10,9.337872505187988,11.100000381469728,11.149999618530272,11.050000190734863,11.06999969482422,31900
2023-05-11,9.085498809814451,10.800000190734863,10.960000038146973,10.800000190734863,10.960000038146973,16100
2023-05-12,9.102324485778809,10.81999969482422,10.960000038146973,10.699999809265137,10.699999809265137,11700
2023-05-15,9.581836700439451,11.390000343322754,11.399999618530272,10.949999809265137,10.949999809265137,14900
2023-05-16,9.590248107910156,11.399999618530272,11.5,11.15999984741211,11.15999984741211,14800
2023-05-17,9.783735275268556,11.630000114440918,11.75,11.449999809265137,11.5,224900
2023-05-18,9.884686470031738,11.75,11.920000076293944,11.630000114440918,11.630000114440918,205200
2023-05-19,9.96881103515625,11.850000381469728,11.869999885559082,11.760000228881836,11.779999732971191,17000
2023-05-22,10.14547348022461,12.0600004196167,12.119999885559082,11.800000190734863,11.880000114440918,216300
2023-05-23,9.834209442138672,11.6899995803833,12.350000381469728,11.6899995803833,12.149999618530272,139000
2023-05-24,10.153886795043944,12.06999969482422,12.100000381469728,11.630000114440918,11.800000190734863,67200
2023-05-25,10.03611183166504,11.93000030517578,11.949999809265137,11.529999732971191,11.920000076293944,16600
2023-05-26,10.111824989318848,12.020000457763672,12.020000457763672,11.760000228881836,11.899999618530272,12700
2023-05-30,10.187536239624023,12.109999656677246,12.119999885559082,11.75,11.949999809265137,19400
2023-05-31,10.09499740600586,12.0,12.140000343322754,11.550000190734863,11.9399995803833,391600
2023-06-01,10.85212230682373,12.899999618530272,13.5,11.75,11.75,371100
2023-06-02,10.911011695861816,12.970000267028809,13.43000030517578,12.5,12.869999885559082,268400
2023-06-05,10.911011695861816,12.970000267028809,13.390000343322754,12.829999923706056,12.920000076293944,221900
2023-06-06,10.911011695861816,12.970000267028809,13.289999961853027,12.880000114440918,13.029999732971191,63700
2023-06-07,10.81006145477295,12.850000381469728,13.31999969482422,12.850000381469728,12.899999618530272,133100
2023-06-08,10.79323673248291,12.829999923706056,12.890000343322754,12.479999542236328,12.850000381469728,95800
2023-06-09,10.83530044555664,12.880000114440918,13.039999961853027,12.699999809265137,12.710000038146973,23800
2023-06-12,10.860536575317385,12.90999984741211,13.270000457763672,12.760000228881836,12.869999885559082,146800
2023-06-13,10.936248779296877,13.0,13.15999984741211,12.899999618530272,13.100000381469728,49000
2023-06-14,10.85212230682373,12.899999618530272,13.0,12.8100004196167,13.0,20700
2023-06-15,10.818473815917969,12.859999656677246,12.899999618530272,12.800000190734863,12.800000190734863,11900
2023-06-16,10.683874130249023,12.699999809265137,12.899999618530272,12.5600004196167,12.770000457763672,18500
2023-06-20,10.767998695373535,12.800000190734863,12.800000190734863,12.489999771118164,12.510000228881836,49600
2023-06-21,10.81006145477295,12.850000381469728,12.850000381469728,12.229999542236328,12.699999809265137,22000
2023-06-22,10.83530044555664,12.880000114440918,13.18000030517578,12.649999618530272,12.6899995803833,53700
2023-06-23,10.85212230682373,12.899999618530272,13.079999923706056,12.630000114440918,12.729999542236328,24700
2023-06-26,10.767998695373535,12.800000190734863,12.890000343322754,12.710000038146973,12.800000190734863,30100
2023-06-27,10.83530044555664,12.880000114440918,12.899999618530272,12.4399995803833,12.75,43600
2023-06-28,10.85212230682373,12.899999618530272,12.949999809265137,12.75,12.880000114440918,23500
2023-06-29,10.868948936462402,12.920000076293944,12.949999809265137,12.699999809265137,12.729999542236328,26600
2023-06-30,10.85212230682373,12.899999618530272,13.25,12.800000190734863,12.81999969482422,743000
2023-07-03,11.02878475189209,13.109999656677246,13.350000381469728,12.960000038146973,13.029999732971191,35100
2023-07-05,10.85212230682373,12.899999618530272,13.0600004196167,12.899999618530272,13.0600004196167,44100
2023-07-06,10.776412010192873,12.8100004196167,13.020000457763672,12.8100004196167,13.0,47400
2023-07-07,10.85212230682373,12.899999618530272,12.960000038146973,12.800000190734863,12.800000190734863,22000
2023-07-10,10.81006145477295,12.850000381469728,13.050000190734863,12.800000190734863,12.93000030517578,72000
2023-07-11,10.776412010192873,12.8100004196167,13.020000457763672,12.710000038146973,12.90999984741211,25400
2023-07-12,10.868948936462402,12.920000076293944,13.229999542236328,12.779999732971191,12.829999923706056,21600
2023-07-13,11.277138710021973,13.039999961853027,13.170000076293944,12.75,12.75,17100
2023-07-14,11.251195907592772,13.010000228881836,13.050000190734863,12.9399995803833,13.0,13300
2023-07-17,11.30308437347412,13.06999969482422,13.289999961853027,12.779999732971191,12.779999732971191,20900
2023-07-18,11.372269630432127,13.149999618530272,13.399999618530272,13.020000457763672,13.399999618530272,42000
2023-07-19,11.28578758239746,13.050000190734863,13.25,13.050000190734863,13.140000343322754,28600
2023-07-20,11.242547035217283,13.0,13.199999809265137,12.899999618530272,13.050000190734863,22900
2023-07-21,11.242547035217283,13.0,13.0,12.920000076293944,12.989999771118164,10700
2023-07-24,11.242547035217283,13.0,13.050000190734863,12.890000343322754,13.0,17000
2023-07-25,11.225250244140623,12.979999542236328,13.100000381469728,12.920000076293944,12.920000076293944,25600
2023-07-26,11.242547035217283,13.0,13.039999961853027,12.93000030517578,13.029999732971191,31000
2023-07-27,11.242547035217283,13.0,13.050000190734863,12.920000076293944,13.0,21500
2023-07-28,11.251195907592772,13.010000228881836,13.100000381469728,12.90999984741211,13.100000381469728,29700
2023-07-31,11.4068603515625,13.1899995803833,13.1899995803833,12.989999771118164,13.050000190734863,59200
2023-08-01,11.30308437347412,13.06999969482422,13.199999809265137,13.050000190734863,13.149999618530272,50000
2023-08-02,11.233899116516112,12.989999771118164,13.039999961853027,12.890000343322754,12.960000038146973,31900
2023-08-03,11.182011604309082,12.93000030517578,13.0,12.8100004196167,13.0,38700
2023-08-04,11.156065940856934,12.899999618530272,13.0,12.789999961853027,12.8100004196167,45600
2023-08-07,11.623064041137695,13.4399995803833,13.4399995803833,12.789999961853027,12.899999618530272,52700
2023-08-08,11.380916595458984,13.15999984741211,13.289999961853027,13.079999923706056,13.25,12600
2023-08-09,11.19930648803711,12.949999809265137,13.399999618530272,12.920000076293944,13.279999732971191,11600
2023-08-10,11.08687973022461,12.81999969482422,13.140000343322754,12.8100004196167,13.100000381469728,8400
2023-08-11,10.939863204956056,12.649999618530272,12.899999618530272,12.640000343322754,12.739999771118164,15700
2023-08-14,11.32902717590332,13.100000381469728,13.100000381469728,12.619999885559082,12.630000114440918,9700
2023-08-15,11.657657623291016,13.479999542236328,13.479999542236328,13.039999961853027,13.149999618530272,1187100
2023-08-16,11.925748825073242,13.789999961853027,13.850000381469728,13.329999923706056,13.399999618530272,30900
2023-08-17,12.453282356262209,14.399999618530272,15.100000381469728,13.550000190734863,13.710000038146973,725800
2023-08-18,12.53976345062256,14.5,14.760000228881836,13.039999961853027,13.039999961853027,438800
2023-08-21,12.53976345062256,14.5,14.529999732971191,14.0,14.329999923706056,114100
2023-08-22,12.53976345062256,14.5,14.729999542236328,14.5,14.600000381469728,10900
2023-08-23,12.972169876098633,15.0,15.100000381469728,14.539999961853027,14.539999961853027,94800
2023-08-24,13.015410423278809,15.050000190734863,15.199999809265137,14.829999923706056,15.199999809265137,24800
2023-08-25,12.660837173461914,14.640000343322754,14.899999618530272,14.640000343322754,14.699999809265137,29200
2023-08-28,12.885686874389648,14.899999618530272,14.949999809265137,14.5,14.579999923706056,40600
2023-08-29,12.954874038696287,14.979999542236328,14.979999542236328,14.5,14.75,11700
2023-08-30,12.90298557281494,14.920000076293944,15.029999732971191,14.81999969482422,14.81999969482422,13500
2023-08-31,13.664019584655762,15.800000190734863,15.800000190734863,14.850000381469728,14.850000381469728,76000
2023-09-01,13.344038963317873,15.43000030517578,15.779999732971191,15.43000030517578,15.5,32100
2023-09-05,12.980817794799805,15.010000228881836,15.34000015258789,14.899999618530272,15.34000015258789,14000
2023-09-06,13.04135513305664,15.079999923706056,15.100000381469728,14.75,14.949999809265137,14700
2023-09-07,12.773262977600098,14.770000457763672,15.0,14.5,14.960000038146973,8400
2023-09-08,12.773262977600098,14.770000457763672,14.770000457763672,14.56999969482422,14.56999969482422,40100
2023-09-11,12.72137451171875,14.710000038146973,14.75,14.420000076293944,14.539999961853027,20900
2023-09-12,12.755967140197754,14.75,14.779999732971191,14.649999618530272,14.75,19100
2023-09-13,12.755967140197754,14.75,14.800000190734863,14.5600004196167,14.75,12000
2023-09-14,12.747319221496582,14.739999771118164,14.8100004196167,13.75,14.75,36700
2023-09-15,12.755967140197754,14.75,14.75,14.5,14.5,37400
2023-09-18,12.755967140197754,14.75,14.789999961853027,14.479999542236328,14.600000381469728,65700
2023-09-19,12.755967140197754,14.75,14.829999923706056,14.5600004196167,14.710000038146973,46100
2023-09-20,12.79920768737793,14.800000190734863,14.850000381469728,14.75,14.770000457763672,14800
2023-09-21,12.712725639343262,14.699999809265137,14.850000381469728,14.59000015258789,14.75,57200
2023-09-22,12.41869068145752,14.359999656677246,14.760000228881836,14.0,14.0,26500
2023-09-25,12.56570816040039,14.529999732971191,14.529999732971191,13.06999969482422,14.140000343322754,33300
2023-09-26,12.26302433013916,14.18000030517578,14.479999542236328,14.0600004196167,14.15999984741211,12200
2023-09-27,12.150598526000977,14.050000190734863,14.18000030517578,13.90999984741211,14.140000343322754,37200
2023-09-28,12.522466659545898,14.479999542236328,14.489999771118164,13.420000076293944,13.989999771118164,20500
2023-09-29,12.453282356262209,14.399999618530272,14.529999732971191,14.0,14.510000228881836,48900
2023-10-02,12.288969039916992,14.210000038146973,14.350000381469728,14.100000381469728,14.100000381469728,3500
2023-10-03,12.375450134277344,14.3100004196167,14.399999618530272,14.039999961853027,14.34000015258789,9400
2023-10-04,12.237079620361328,14.149999618530272,14.239999771118164,13.6899995803833,14.229999542236328,27800
2023-10-05,12.297616958618164,14.220000267028809,14.399999618530272,14.050000190734863,14.130000114440918,40300
2023-10-06,12.04682159423828,13.93000030517578,14.40999984741211,13.93000030517578,14.15999984741211,36000
2023-10-09,12.012229919433594,13.890000343322754,14.09000015258789,13.68000030517578,13.68000030517578,5000
2023-10-10,12.28032112121582,14.199999809265137,14.199999809265137,13.84000015258789,14.010000228881836,7300
2023-10-11,12.107357025146484,14.0,14.18000030517578,14.0,14.18000030517578,4100
2023-10-12,11.976064682006836,13.5,13.899999618530272,13.5,13.579999923706056,17900
2023-10-13,11.727672576904297,13.220000267028809,13.449999809265137,13.210000038146973,13.359999656677246,4500
2023-10-16,11.479280471801758,12.9399995803833,13.279999732971191,12.84000015258789,13.279999732971191,3000
2023-10-17,11.39944076538086,12.850000381469728,12.899999618530272,12.699999809265137,12.729999542236328,16500
2023-10-18,11.10669231414795,12.520000457763672,12.699999809265137,12.199999809265137,12.529999732971191,22700
2023-10-19,11.009109497070312,12.40999984741211,12.489999771118164,12.140000343322754,12.260000228881836,10300
2023-10-20,11.292986869812012,12.729999542236328,12.729999542236328,12.100000381469728,12.100000381469728,2200
2023-10-23,11.088948249816896,12.5,12.779999732971191,12.020000457763672,12.550000190734863,6800
2023-10-24,11.53250789642334,13.0,13.359999656677246,12.359999656677246,12.359999656677246,11900
2023-10-25,11.53250789642334,13.0,13.109999656677246,12.850000381469728,13.0,9700
2023-10-26,11.488151550292969,12.949999809265137,13.0,12.699999809265137,13.0,2600
2023-10-27,11.53250789642334,13.0,13.029999732971191,12.619999885559082,13.029999732971191,2500
2023-10-30,11.53250789642334,13.0,13.25,12.859999656677246,13.25,2300
2023-10-31,12.188973426818848,13.739999771118164,13.739999771118164,13.0,13.0600004196167,27300
2023-11-01,12.437366485595703,14.020000457763672,14.279999732971191,13.890000343322754,14.029999732971191,15600
2023-11-02,12.676886558532717,14.289999961853027,14.31999969482422,13.9399995803833,14.31999969482422,19800
2023-11-03,12.676886558532717,14.289999961853027,14.350000381469728,14.119999885559082,14.149999618530272,10800
2023-11-06,12.614789009094238,14.220000267028809,14.279999732971191,14.15999984741211,14.279999732971191,5300
2023-11-07,12.242199897766112,13.800000190734863,14.18000030517578,13.699999809265137,14.15999984741211,3900
2023-11-08,12.33091163635254,13.899999618530272,14.1899995803833,13.649999618530272,13.649999618530272,4900
2023-11-09,12.570432662963867,14.170000076293944,14.170000076293944,13.640000343322754,13.720000267028809,4400
2023-11-10,12.384138107299805,13.960000038146973,14.0,13.649999618530272,13.739999771118164,6400
2023-11-13,12.100261688232422,13.640000343322754,13.8100004196167,13.289999961853027,13.43000030517578,8100
2023-11-14,11.736542701721191,13.229999542236328,13.529999732971191,13.119999885559082,13.510000228881836,11000
2023-11-15,12.242199897766112,13.800000190734863,13.800000190734863,13.0,13.029999732971191,8200
2023-11-16,12.357524871826172,13.93000030517578,13.93000030517578,13.5600004196167,13.5600004196167,6100
2023-11-17,11.91396713256836,13.43000030517578,14.119999885559082,13.170000076293944,14.119999885559082,9000
2023-11-20,11.825254440307615,13.329999923706056,13.600000381469728,13.109999656677246,13.449999809265137,28000
2023-11-21,12.002678871154783,13.529999732971191,13.529999732971191,13.210000038146973,13.420000076293944,13000
2023-11-22,12.144617080688477,13.6899995803833,13.90999984741211,13.09000015258789,13.369999885559082,8100
2023-11-24,11.993806838989258,13.520000457763672,13.520000457763672,13.520000457763672,13.520000457763672,200
2023-11-27,12.19784450531006,13.75,13.979999542236328,13.220000267028809,13.619999885559082,16400
2023-11-28,12.286555290222168,13.850000381469728,13.9399995803833,13.489999771118164,13.489999771118164,18000
2023-11-29,12.74785614013672,14.369999885559082,14.640000343322754,13.539999961853027,13.850000381469728,28300
2023-11-30,13.218026161193848,14.899999618530272,15.199999809265137,13.789999961853027,14.359999656677246,67000
2023-12-01,13.377708435058594,15.079999923706056,15.100000381469728,14.5,14.800000190734863,22300
2023-12-04,13.47529125213623,15.1899995803833,15.1899995803833,14.670000076293944,15.0,14500
2023-12-05,13.546259880065918,15.270000457763672,15.399999618530272,14.789999961853027,15.149999618530272,28800
2023-12-06,13.38658046722412,15.09000015258789,15.25,14.829999923706056,15.140000343322754,26300
2023-12-07,13.626100540161133,15.359999656677246,15.369999885559082,14.899999618530272,14.899999618530272,14500
2023-12-08,13.679327964782717,15.420000076293944,15.449999809265137,15.0600004196167,15.350000381469728,13000
2023-12-11,13.457548141479492,15.170000076293944,15.229999542236328,14.84000015258789,15.020000457763672,8200
2023-12-12,13.5994873046875,15.329999923706056,15.479999542236328,15.100000381469728,15.199999809265137,22200
2023-12-13,13.989819526672363,15.770000457763672,15.829999923706056,15.050000190734863,15.329999923706056,48900
2023-12-14,13.572874069213867,15.300000190734863,16.100000381469727,15.300000190734863,15.520000457763672,26600
2023-12-15,13.617230415344238,15.350000381469728,15.729999542236328,15.220000267028809,15.300000190734863,23600
2023-12-18,13.226898193359377,14.90999984741211,15.6899995803833,14.90999984741211,15.09000015258789,37800
2023-12-19,13.546259880065918,15.270000457763672,15.5,14.899999618530272,14.899999618530272,35000
2023-12-20,13.48416233062744,15.199999809265137,15.369999885559082,15.029999732971191,15.369999885559082,35500
2023-12-21,13.306739807128906,15.0,15.300000190734863,14.979999542236328,15.199999809265137,48400
2023-12-22,13.395450592041016,15.100000381469728,15.300000190734863,14.869999885559082,15.15999984741211,50400
2023-12-26,13.226898193359377,14.90999984741211,15.25,14.90999984741211,15.010000228881836,46100
2023-12-27,13.422064781188965,15.130000114440918,15.140000343322754,15.029999732971191,15.100000381469728,24800
2023-12-28,13.48416233062744,15.199999809265137,15.199999809265137,14.93000030517578,14.93000030517578,14800
2023-12-29,13.395450592041016,15.100000381469728,15.140000343322754,14.960000038146973,14.960000038146973,51200
2024-01-02,13.448678016662598,15.15999984741211,15.199999809265137,14.729999542236328,14.960000038146973,49700
2024-01-03,13.422064781188965,15.130000114440918,15.170000076293944,14.619999885559082,14.619999885559082,45400
2024-01-04,13.395450592041016,15.100000381469728,15.25,15.029999732971191,15.149999618530272,37100
2024-01-05,13.47529125213623,15.1899995803833,15.260000228881836,15.140000343322754,15.199999809265137,39200
2024-01-08,13.528517723083496,15.25,15.300000190734863,14.90999984741211,14.90999984741211,19600
2024-01-09,13.617230415344238,15.350000381469728,15.350000381469728,14.970000267028809,14.970000267028809,28700
2024-01-10,13.643842697143556,15.380000114440918,15.399999618530272,15.300000190734863,15.300000190734863,9100
2024-01-11,13.927105903625488,15.34000015258789,15.399999618530272,15.25,15.279999732971191,34700
2024-01-12,14.072369575500488,15.5,15.539999961853027,15.15999984741211,15.399999618530272,40800
2024-01-16,13.981579780578612,15.399999618530272,15.399999618530272,15.220000267028809,15.369999885559082,19800
2024-01-17,13.872632026672363,15.279999732971191,15.4399995803833,15.279999732971191,15.4399995803833,33000
2024-01-18,13.981579780578612,15.399999618530272,15.449999809265137,15.25,15.399999618530272,35400
2024-01-19,13.845396041870115,15.25,15.279999732971191,14.970000267028809,15.270000457763672,11200
2024-01-22,13.918027877807615,15.329999923706056,15.329999923706056,15.220000267028809,15.220000267028809,6000
2024-01-23,13.790922164916992,15.1899995803833,15.25,15.109999656677246,15.25,7900
2024-01-24,13.582106590270996,14.960000038146973,15.18000030517578,14.93000030517578,14.93000030517578,12500
2024-01-25,13.609342575073242,14.989999771118164,14.989999771118164,14.90999984741211,14.90999984741211,8100
2024-01-26,13.39144802093506,14.75,14.9399995803833,14.539999961853027,14.770000457763672,16200
2024-01-29,13.39144802093506,14.75,14.989999771118164,14.579999923706056,14.989999771118164,6100
2024-01-30,13.427763938903809,14.789999961853027,15.09000015258789,14.789999961853027,14.890000343322754,9600
2024-01-31,13.27342128753662,14.619999885559082,15.130000114440918,14.619999885559082,14.850000381469728,10500
2024-02-01,13.455000877380373,14.81999969482422,15.079999923706056,14.699999809265137,14.960000038146973,7100
2024-02-02,13.563947677612305,14.9399995803833,15.0,14.920000076293944,14.949999809265137,9200
2024-02-05,13.309738159179688,14.65999984741211,14.90999984741211,14.65999984741211,14.90999984741211,6900
2024-02-06,13.491315841674805,14.859999656677246,14.859999656677246,14.649999618530272,14.710000038146973,2600
2024-02-07,13.48223876953125,14.850000381469728,14.989999771118164,14.760000228881836,14.760000228881836,4900
2024-02-08,13.418685913085938,14.779999732971191,14.9399995803833,14.5600004196167,14.68000030517578,12400
2024-02-09,13.473158836364746,14.84000015258789,14.869999885559082,14.760000228881836,14.770000457763672,11100
2024-02-12,13.39144802093506,14.75,14.800000190734863,14.720000267028809,14.800000190734863,10700
2024-02-13,13.39144802093506,14.75,14.760000228881836,14.600000381469728,14.739999771118164,11000
2024-02-14,13.500395774841309,14.869999885559082,14.869999885559082,14.699999809265137,14.8100004196167,13100
2024-02-15,13.418685913085938,14.779999732971191,14.84000015258789,14.729999542236328,14.75,8700
2024-02-16,13.43684196472168,14.800000190734863,14.949999809265137,14.65999984741211,14.800000190734863,8600
2024-02-20,13.43684196472168,14.800000190734863,14.90999984741211,14.770000457763672,14.829999923706056,10400
2024-02-21,13.13723850250244,14.470000267028809,14.770000457763672,14.470000267028809,14.770000457763672,3500
2024-02-22,13.39144802093506,14.75,14.75,14.149999618530272,14.470000267028809,7500
2024-02-23,13.364211082458496,14.720000267028809,14.949999809265137,14.1899995803833,14.1899995803833,16700
2024-02-26,13.355132102966309,14.710000038146973,14.710000038146973,14.300000190734863,14.3100004196167,6200
2024-02-27,13.373290061950684,14.729999542236328,14.850000381469728,14.550000190734863,14.710000038146973,14100
2024-02-28,13.582106590270996,14.960000038146973,14.960000038146973,14.399999618530272,14.600000381469728,5100
2024-02-29,14.244869232177734,15.6899995803833,15.949999809265137,14.770000457763672,14.770000457763672,81000
2024-03-01,13.908947944641112,15.31999969482422,15.600000381469728,15.25,15.449999809265137,15700
2024-03-04,13.327895164489746,14.68000030517578,15.149999618530272,14.06999969482422,15.149999618530272,41000
2024-03-05,13.4459228515625,14.8100004196167,14.850000381469728,14.479999542236328,14.489999771118164,9300
2024-03-06,13.700133323669434,15.09000015258789,15.199999809265137,14.789999961853027,14.800000190734863,13100
2024-03-07,13.736449241638184,15.130000114440918,15.270000457763672,14.970000267028809,15.239999771118164,12700
2024-03-08,13.890790939331056,15.300000190734863,15.359999656677246,15.199999809265137,15.199999809265137,10800
2024-03-11,13.790922164916992,15.1899995803833,15.270000457763672,15.050000190734863,15.199999809265137,5700
2024-03-12,13.83631706237793,15.239999771118164,15.289999961853027,15.140000343322754,15.170000076293944,7700
2024-03-13,13.718289375305176,15.109999656677246,15.170000076293944,15.0,15.170000076293944,8000
2024-03-14,13.754606246948242,15.149999618530272,15.18000030517578,14.800000190734863,14.800000190734863,8300
2024-03-15,13.700133323669434,15.09000015258789,15.140000343322754,15.020000457763672,15.100000381469728,3900
2024-03-18,13.809080123901367,15.210000038146973,15.260000228881836,15.15999984741211,15.260000228881836,21600
2024-03-19,13.809080123901367,15.210000038146973,15.350000381469728,14.90999984741211,15.079999923706056,22900
2024-03-20,13.845396041870115,15.25,15.25,14.9399995803833,15.06999969482422,13900
2024-03-21,13.827237129211426,15.229999542236328,15.279999732971191,15.050000190734863,15.0600004196167,27200
2024-03-22,13.736449241638184,15.130000114440918,15.1899995803833,14.93000030517578,15.010000228881836,5100
2024-03-25,13.518553733825684,14.890000343322754,15.149999618530272,14.81999969482422,15.149999618530272,8100
2024-03-26,13.691052436828612,15.079999923706056,15.109999656677246,14.5600004196167,14.640000343322754,4700
2024-03-27,13.645658493041992,15.029999732971191,15.100000381469728,14.75,14.81999969482422,5600
2024-03-28,13.001052856445312,14.31999969482422,15.199999809265137,14.100000381469728,15.079999923706056,42500
2024-04-01,13.300658226013184,14.649999618530272,14.770000457763672,14.40999984741211,14.449999809265137,15700
2024-04-02,13.182632446289062,14.520000457763672,14.739999771118164,14.149999618530272,14.649999618530272,9300
2024-04-03,13.70921230316162,15.100000381469728,15.239999771118164,14.390000343322754,14.390000343322754,17200
2024-04-04,13.663817405700684,15.050000190734863,15.100000381469728,15.0,15.020000457763672,1700
2024-04-05,13.70921230316162,15.100000381469728,15.100000381469728,14.789999961853027,14.789999961853027,9700
2024-04-08,13.600263595581056,14.979999542236328,15.010000228881836,14.109999656677246,15.0,14300
2024-04-09,13.509474754333496,14.880000114440918,15.100000381469728,14.489999771118164,15.020000457763672,14200
2024-04-10,12.683290481567385,13.970000267028809,14.93000030517578,13.43000030517578,14.770000457763672,18000
2024-04-11,12.456316947937012,13.720000267028809,13.970000267028809,13.43000030517578,13.970000267028809,24200
2024-04-12,13.110441207885742,14.06999969482422,14.4399995803833,13.5,13.630000114440918,13000
2024-04-15,12.55136013031006,13.470000267028809,14.100000381469728,13.4399995803833,14.100000381469728,8300
2024-04-16,12.77499294281006,13.710000038146973,13.899999618530272,13.149999618530272,13.4399995803833,12200
2024-04-17,12.728403091430664,13.65999984741211,14.239999771118164,13.579999923706056,13.579999923706056,10300
2024-04-18,12.41158962249756,13.31999969482422,13.75,13.31999969482422,13.75,7500
2024-04-19,12.26250171661377,13.15999984741211,13.6899995803833,13.140000343322754,13.210000038146973,7700
2024-04-22,12.420907974243164,13.329999923706056,13.869999885559082,13.130000114440918,13.5,8900
2024-04-23,12.56999683380127,13.489999771118164,13.899999618530272,13.300000190734863,13.300000190734863,9300
2024-04-24,12.374317169189451,13.279999732971191,13.489999771118164,13.039999961853027,13.039999961853027,9500
2024-04-25,12.243865966796877,13.140000343322754,13.279999732971191,13.140000343322754,13.1899995803833,8200
2024-04-26,12.160003662109377,13.050000190734863,13.399999618530272,13.010000228881836,13.199999809265137,12900
2024-04-29,12.840218544006348,13.779999732971191,13.779999732971191,13.100000381469728,13.25,8400
2024-04-30,11.740694046020508,12.600000381469728,13.739999771118164,12.5,13.699999809265137,85500
2024-05-01,11.973644256591797,12.850000381469728,14.079999923706056,12.75,12.960000038146973,75900
2024-05-02,12.09477710723877,12.979999542236328,13.260000228881836,12.899999618530272,12.949999809265137,2480600
2024-05-03,12.45818042755127,13.369999885559082,13.369999885559082,13.0,13.109999656677246,7900
2024-05-06,12.59795093536377,13.520000457763672,13.550000190734863,12.869999885559082,12.869999885559082,14500
2024-05-07,12.253183364868164,13.149999618530272,13.550000190734863,12.899999618530272,13.149999618530272,21700
2024-05-08,12.150686264038086,13.039999961853027,13.4399995803833,12.75,13.020000457763672,20600
2024-05-09,12.132050514221191,13.020000457763672,13.039999961853027,12.899999618530272,12.979999542236328,15300
2024-05-10,12.132050514221191,13.020000457763672,13.039999961853027,12.8100004196167,12.960000038146973,12800
2024-05-13,12.215911865234377,13.109999656677246,13.34000015258789,12.90999984741211,13.010000228881836,9800
2024-05-14,12.066823959350586,12.949999809265137,13.119999885559082,12.789999961853027,12.90999984741211,15600
2024-05-15,12.337045669555664,13.239999771118164,13.449999809265137,13.010000228881836,13.270000457763672,19500
2024-05-16,12.253183364868164,13.149999618530272,13.399999618530272,13.0,13.399999618530272,8300
2024-05-17,12.104095458984377,12.989999771118164,13.380000114440918,12.760000228881836,13.039999961853027,11000
2024-05-20,12.197277069091797,13.09000015258789,13.15999984741211,12.84000015258789,12.84000015258789,11300
2024-05-21,12.066823959350586,12.949999809265137,13.15999984741211,12.859999656677246,12.90999984741211,13000
2024-05-22,11.964324951171877,12.84000015258789,12.979999542236328,12.8100004196167,12.84000015258789,7300
2024-05-23,11.871145248413086,12.739999771118164,12.93000030517578,12.369999885559082,12.850000381469728,24600
2024-05-24,12.066823959350586,12.949999809265137,12.960000038146973,12.600000381469728,12.600000381469728,4000
2024-05-28,12.17863941192627,13.06999969482422,13.06999969482422,12.81999969482422,12.81999969482422,13500
2024-05-29,12.206594467163086,13.100000381469728,13.210000038146973,12.739999771118164,13.0,13200
2024-05-30,12.57931423187256,13.5,13.5,13.06999969482422,13.279999732971191,12900
2024-05-31,13.324755668640137,14.300000190734863,14.300000190734863,13.899999618530272,13.899999618530272,22700
2024-06-03,13.203620910644531,14.170000076293944,14.18000030517578,13.56999969482422,14.149999618530272,7700
2024-06-04,13.250211715698242,14.220000267028809,14.289999961853027,14.100000381469728,14.149999618530272,9600
2024-06-05,13.315438270568848,14.289999961853027,14.289999961853027,14.199999809265137,14.199999809265137,15000
2024-06-06,13.175667762756348,14.140000343322754,14.15999984741211,13.720000267028809,13.90999984741211,15300
2024-06-07,13.259528160095217,14.229999542236328,14.289999961853027,13.529999732971191,14.140000343322754,7200
2024-06-10,13.315438270568848,14.289999961853027,14.289999961853027,13.670000076293944,14.149999618530272,10500
2024-06-11,13.026578903198242,13.979999542236328,14.300000190734863,13.020000457763672,13.020000457763672,9600
2024-06-12,13.557705879211426,14.550000190734863,14.550000190734863,14.100000381469728,14.15999984741211,11600
2024-06-13,13.278165817260742,14.25,14.850000381469728,14.25,14.25,8300
2024-06-14,13.184985160827637,14.149999618530272,14.260000228881836,14.029999732971191,14.06999969482422,5400
2024-06-17,13.222256660461426,14.1899995803833,14.300000190734863,14.1899995803833,14.289999961853027,4400
2024-06-18,13.362028121948242,14.34000015258789,14.350000381469728,14.06999969482422,14.119999885559082,17600
2024-06-20,13.278165817260742,14.25,14.520000457763672,14.119999885559082,14.25,3700
2024-06-21,13.324755668640137,14.300000190734863,14.640000343322754,14.25,14.25,17700
2024-06-24,13.334073066711426,14.3100004196167,14.359999656677246,13.800000190734863,13.800000190734863,9100
2024-06-25,13.110441207885742,14.06999969482422,14.3100004196167,14.050000190734863,14.279999732971191,8500
2024-06-26,12.206594467163086,13.100000381469728,14.100000381469728,12.979999542236328,14.100000381469728,122400
2024-06-27,12.290454864501951,13.1899995803833,13.75,12.859999656677246,13.68000030517578,89600
2024-06-28,11.824556350708008,12.6899995803833,13.329999923706056,12.510000228881836,13.029999732971191,341100
2024-07-01,12.281139373779297,13.18000030517578,13.199999809265137,12.800000190734863,12.800000190734863,45700
2024-07-02,12.793628692626951,13.729999542236328,13.75,13.229999542236328,13.229999542236328,27400
2024-07-03,13.045214653015137,14.0,14.0,13.619999885559082,13.619999885559082,25700
2024-07-05,13.427253723144531,14.40999984741211,14.510000228881836,13.81999969482422,13.949999809265137,32700
2024-07-08,13.007942199707031,13.960000038146973,14.300000190734863,13.75,14.260000228881836,27800
2024-07-09,12.877490043640137,13.81999969482422,14.010000228881836,13.800000190734863,14.0,5200
2024-07-10,13.035896301269531,13.989999771118164,14.039999961853027,13.75,13.800000190734863,4800
2024-07-11,13.287483215332031,14.260000228881836,14.550000190734863,14.100000381469728,14.40999984741211,27200
2024-07-12,13.119758605957031,14.079999923706056,14.420000076293944,13.859999656677246,14.229999542236328,35100
2024-07-15,13.312808990478516,13.93000030517578,14.0,13.600000381469728,13.600000381469728,17300
2024-07-16,13.398821830749512,14.020000457763672,14.119999885559082,13.729999542236328,13.770000457763672,24400
2024-07-17,13.40837860107422,14.029999732971191,14.039999961853027,13.619999885559082,13.890000343322754,13000
2024-07-18,13.580403327941896,14.210000038146973,14.210000038146973,13.81999969482422,13.850000381469728,12900
2024-07-19,13.503948211669922,14.130000114440918,14.199999809265137,13.949999809265137,14.199999809265137,5600
2024-07-22,13.484832763671877,14.109999656677246,14.279999732971191,13.859999656677246,14.109999656677246,15100
2024-07-23,13.465720176696776,14.09000015258789,14.1899995803833,14.050000190734863,14.170000076293944,19500
2024-07-24,13.341480255126951,13.960000038146973,14.06999969482422,13.729999542236328,14.039999961853027,5700
2024-07-25,13.370150566101074,13.989999771118164,14.1899995803833,13.90999984741211,14.029999732971191,22400
2024-07-26,13.437049865722656,14.0600004196167,14.140000343322754,13.880000114440918,14.029999732971191,6600
2024-07-29,13.188569068908691,13.800000190734863,14.079999923706056,13.720000267028809,13.720000267028809,10400
2024-07-30,13.179011344909668,13.789999961853027,13.8100004196167,13.6899995803833,13.800000190734863,2300
2024-07-31,13.026101112365724,13.630000114440918,14.079999923706056,13.59000015258789,13.890000343322754,40300
2024-08-01,13.475276947021484,14.100000381469728,14.15999984741211,13.789999961853027,13.90999984741211,27100
2024-08-02,13.427492141723633,14.050000190734863,14.399999618530272,13.970000267028809,14.140000343322754,29200
2024-08-05,13.12166976928711,13.729999542236328,13.8100004196167,13.5,13.5,2500
2024-08-06,13.04521369934082,13.649999618530272,14.0,13.5,13.93000030517578,11800
2024-08-07,13.026101112365724,13.630000114440918,13.850000381469728,13.630000114440918,13.75,6500
2024-08-08,13.284137725830078,13.899999618530272,14.1899995803833,13.489999771118164,14.1899995803833,15500
2024-08-09,13.322364807128906,13.9399995803833,14.010000228881836,13.579999923706056,13.84000015258789,32800
2024-08-12,13.312808990478516,13.93000030517578,13.9399995803833,13.850000381469728,13.9399995803833,8900
2024-08-13,13.36059284210205,13.979999542236328,13.989999771118164,13.869999885559082,13.869999885559082,6300
2024-08-14,13.618630409240724,14.25,14.300000190734863,14.050000190734863,14.199999809265137,28000
2024-08-15,13.64730167388916,14.279999732971191,14.40999984741211,14.130000114440918,14.130000114440918,9500
2024-08-16,13.503948211669922,14.130000114440918,14.220000267028809,14.130000114440918,14.210000038146973,21000
2024-08-19,13.52306079864502,14.149999618530272,14.149999618530272,14.010000228881836,14.09000015258789,17500
2024-08-20,13.52306079864502,14.149999618530272,14.15999984741211,14.010000228881836,14.010000228881836,19800
2024-08-21,13.503948211669922,14.130000114440918,14.18000030517578,14.039999961853027,14.149999618530272,22800
2024-08-22,13.494390487670898,14.119999885559082,14.149999618530272,14.029999732971191,14.09000015258789,13100
2024-08-23,13.618630409240724,14.25,14.3100004196167,14.029999732971191,14.140000343322754,18900
2024-08-26,13.714200973510742,14.350000381469728,14.399999618530272,14.15999984741211,14.25,28700
2024-08-27,13.800211906433104,14.4399995803833,14.550000190734863,14.149999618530272,14.149999618530272,10900
2024-08-28,13.895781517028809,14.539999961853027,14.899999618530272,14.31999969482422,14.380000114440918,6200
2024-08-29,14.086920738220217,14.739999771118164,14.770000457763672,14.470000267028809,14.56999969482422,9300
2024-08-30,13.857553482055664,14.5,14.68000030517578,14.329999923706056,14.609999656677246,119200
2024-09-03,13.75242805480957,14.390000343322754,14.600000381469728,14.390000343322754,14.460000038146973,11500
2024-09-04,13.857553482055664,14.5,14.550000190734863,14.329999923706056,14.329999923706056,4300
2024-09-05,13.92445182800293,14.56999969482422,14.720000267028809,14.510000228881836,14.579999923706056,12400
2024-09-06,14.04869270324707,14.699999809265137,14.739999771118164,14.449999809265137,14.56999969482422,17900
2024-09-09,14.192047119140623,14.850000381469728,14.899999618530272,14.640000343322754,14.649999618530272,28500
2024-09-10,14.163374900817873,14.81999969482422,14.880000114440918,14.739999771118164,14.829999923706056,21000
2024-09-11,14.163374900817873,14.81999969482422,14.850000381469728,14.609999656677246,14.710000038146973,12200
2024-09-12,14.172932624816896,14.829999923706056,14.850000381469728,14.6899995803833,14.6899995803833,17300
2024-09-13,14.23983097076416,14.899999618530272,14.90999984741211,14.800000190734863,14.81999969482422,14600
2024-09-16,14.278059005737305,14.9399995803833,14.9399995803833,14.800000190734863,14.899999618530272,29500
2024-09-17,14.497868537902832,15.170000076293944,15.170000076293944,14.949999809265137,14.949999809265137,45600
2024-09-18,14.765462875366213,15.449999809265137,15.600000381469728,15.06999969482422,15.170000076293944,7700
2024-09-19,15.759384155273438,16.489999771118164,16.5,15.489999771118164,15.5,29800
2024-09-20,16.046092987060547,16.790000915527344,16.860000610351562,15.789999961853027,16.40999984741211,15500
2024-09-23,16.27545928955078,17.030000686645508,17.100000381469727,16.43000030517578,16.43000030517578,41400
2024-09-24,16.332799911499023,17.09000015258789,17.100000381469727,16.899999618530273,16.959999084472656,29200
2024-09-25,16.237232208251953,16.989999771118164,16.989999771118164,16.8799991607666,16.920000076293945,29600
2024-09-26,16.151216506958008,16.899999618530273,16.93000030517578,16.790000915527344,16.899999618530273,6500
2024-09-27,16.026979446411133,16.770000457763672,16.90999984741211,16.760000228881836,16.860000610351562,9200
2024-09-30,15.969635009765623,16.709999084472656,16.950000762939453,16.389999389648438,16.780000686645508,53700
2024-10-01,15.835838317871094,16.56999969482422,16.6299991607666,16.450000762939453,16.600000381469727,29200
2024-10-02,15.768940925598145,16.5,16.700000762939453,16.459999084472656,16.469999313354492,15300
2024-10-03,15.893180847167969,16.6299991607666,16.6299991607666,16.450000762939453,16.450000762939453,10100
2024-10-04,15.816725730895996,16.549999237060547,16.610000610351562,15.34000015258789,15.34000015258789,287800
2024-10-07,15.55868911743164,16.280000686645508,16.420000076293945,16.110000610351562,16.420000076293945,13000
2024-10-08,15.845396995544434,16.579999923706055,16.579999923706055,16.190000534057617,16.190000534057617,6400
2024-10-09,15.845396995544434,16.579999923706055,16.579999923706055,16.350000381469727,16.350000381469727,17000
2024-10-10,15.845396995544434,16.579999923706055,16.6299991607666,16.540000915527344,16.579999923706055,53200
2024-10-11,15.864511489868164,16.600000381469727,16.610000610351562,16.399999618530273,16.600000381469727,26500
2024-10-14,15.94096565246582,16.68000030517578,16.68000030517578,16.469999313354492,16.469999313354492,13700
2024-10-15,16.29438591003418,16.690000534057617,16.729999542236328,16.360000610351562,16.43000030517578,51900
2024-10-16,16.34320068359375,16.739999771118164,17.459999084472656,16.700000762939453,16.700000762939453,48700
2024-10-17,16.19675636291504,16.59000015258789,16.600000381469727,16.350000381469727,16.520000457763672,9100
2024-10-18,16.19675636291504,16.59000015258789,16.59000015258789,16.329999923706055,16.469999313354492,10200
2024-10-21,15.933155059814451,16.31999969482422,16.5,16.280000686645508,16.329999923706055,10800
2024-10-22,16.108888626098633,16.5,16.56999969482422,16.18000030517578,16.200000762939453,9900
2024-10-23,15.61097812652588,15.989999771118164,16.399999618530273,15.8100004196167,16.399999618530273,5600
2024-10-24,15.269274711608888,15.640000343322754,16.1200008392334,15.5600004196167,16.1200008392334,13600
2024-10-25,14.908044815063477,15.270000457763672,15.640000343322754,15.270000457763672,15.529999732971191,17400
2024-10-28,14.88851833343506,15.25,15.260000228881836,15.210000038146973,15.239999771118164,29600
2024-10-29,15.12282943725586,15.489999771118164,15.5,15.100000381469728,15.25,4600
2024-10-30,15.181407928466797,15.550000190734863,15.550000190734863,14.880000114440918,15.359999656677246,18300
2024-10-31,15.62074089050293,16.0,16.100000381469727,15.359999656677246,15.619999885559082,38200
2024-11-01,15.4352445602417,15.8100004196167,16.34000015258789,15.8100004196167,15.949999809265137,37300
2024-11-04,15.503585815429688,15.880000114440918,16.010000228881836,15.640000343322754,15.640000343322754,30200
2024-11-05,15.181407928466797,15.550000190734863,15.859999656677246,15.050000190734863,15.449999809265137,83800
2024-11-06,14.722548484802246,15.079999923706056,15.68000030517578,15.0,15.68000030517578,20600
2024-11-07,15.074014663696287,15.4399995803833,15.75,15.0600004196167,15.0600004196167,24200
2024-11-08,15.35714054107666,15.729999542236328,15.829999923706056,15.449999809265137,15.59000015258789,299700
2024-11-11,15.181407928466797,15.550000190734863,15.720000267028809,15.399999618530272,15.720000267028809,9500
2024-11-12,14.849467277526855,15.210000038146973,15.84000015258789,15.199999809265137,15.520000457763672,13700
2024-11-13,15.249748229980469,15.619999885559082,15.619999885559082,15.15999984741211,15.399999618530272,20000
2024-11-14,14.937334060668944,15.300000190734863,15.649999618530272,15.279999732971191,15.649999618530272,8400
2024-11-15,14.917807579040527,15.279999732971191,15.539999961853027,15.229999542236328,15.350000381469728,5100
2024-11-18,14.566341400146484,14.920000076293944,15.789999961853027,14.920000076293944,15.279999732971191,19000
2024-11-19,14.234399795532228,14.579999923706056,14.9399995803833,14.359999656677246,14.550000190734863,14000
2024-11-20,14.244163513183594,14.59000015258789,14.9399995803833,14.510000228881836,14.510000228881836,12100
2024-11-21,14.332030296325684,14.68000030517578,15.050000190734863,14.68000030517578,14.81999969482422,15500
2024-11-22,14.478473663330078,14.829999923706056,14.960000038146973,14.68000030517578,14.949999809265137,8800
2024-11-25,14.429658889770508,14.779999732971191,15.0,14.75,15.0,7100
2024-11-26,14.292978286743164,14.640000343322754,14.75,14.600000381469728,14.75,19800
2024-11-27,14.722548484802246,15.079999923706056,15.079999923706056,14.619999885559082,14.619999885559082,12700
2024-11-29,14.507762908935549,14.859999656677246,15.739999771118164,14.859999656677246,14.960000038146973,153600
2024-12-02,14.771363258361816,15.130000114440918,15.300000190734863,14.90999984741211,14.90999984741211,20500
2024-12-03,14.937334060668944,15.300000190734863,15.899999618530272,15.199999809265137,15.420000076293944,30600
2024-12-04,14.908044815063477,15.270000457763672,15.350000381469728,15.119999885559082,15.300000190734863,8700
2024-12-05,15.25951099395752,15.630000114440918,15.699999809265137,15.229999542236328,15.260000228881836,24700
2024-12-06,15.29856300354004,15.670000076293944,15.81999969482422,15.609999656677246,15.670000076293944,48000
2024-12-09,15.31808853149414,15.6899995803833,15.779999732971191,15.470000267028809,15.470000267028809,77100
2024-12-10,15.29856300354004,15.670000076293944,15.75,15.510000228881836,15.75,6400
2024-12-11,15.132593154907228,15.5,15.859999656677246,15.31999969482422,15.710000038146973,29300
2024-12-12,15.044726371765137,15.40999984741211,15.5,15.149999618530272,15.329999923706056,6000
2024-12-13,14.86899185180664,15.229999542236328,15.380000114440918,15.119999885559082,15.289999961853027,10700
2024-12-16,14.751836776733398,15.109999656677246,15.239999771118164,14.880000114440918,15.1899995803833,55100
2024-12-17,14.839703559875488,15.199999809265137,15.210000038146973,15.0,15.050000190734863,16900
2024-12-18,14.537052154541016,14.890000343322754,15.5,14.630000114440918,15.100000381469728,12000
2024-12-19,14.517525672912598,14.869999885559082,14.899999618530272,14.539999961853027,14.720000267028809,15100
2024-12-20,14.732311248779297,15.09000015258789,15.1899995803833,14.989999771118164,14.989999771118164,39600
2024-12-23,14.58586597442627,14.9399995803833,15.140000343322754,14.800000190734863,15.140000343322754,9200
2024-12-24,14.693259239196776,15.050000190734863,15.050000190734863,14.93000030517578,15.010000228881836,13100
2024-12-26,14.693259239196776,15.050000190734863,15.050000190734863,14.890000343322754,15.029999732971191,5800
2024-12-27,14.605392456054688,14.960000038146973,15.079999923706056,14.920000076293944,15.079999923706056,12500
2024-12-30,14.937334060668944,15.300000190734863,15.34000015258789,14.720000267028809,14.9399995803833,32100
2024-12-31,15.220459938049316,15.59000015258789,15.869999885559082,15.100000381469728,15.100000381469728,369200
2025-01-02,14.644444465637209,15.0,15.460000038146973,14.880000114440918,15.34000015258789,36600
2025-01-03,14.644444465637209,15.0,15.050000190734863,14.880000114440918,15.050000190734863,12000
2025-01-06,14.595629692077637,14.949999809265137,15.279999732971191,14.869999885559082,15.050000190734863,19900
2025-01-07,14.566341400146484,14.920000076293944,15.09000015258789,14.779999732971191,15.09000015258789,13000
2025-01-08,14.537052154541016,14.890000343322754,14.899999618530272,14.729999542236328,14.760000228881836,13900
2025-01-10,14.449185371398926,14.800000190734863,14.899999618530272,14.59000015258789,14.640000343322754,26400
2025-01-13,14.361318588256836,14.710000038146973,14.800000190734863,14.579999923706056,14.760000228881836,12000
2025-01-14,14.498000144958496,14.850000381469728,14.949999809265137,14.65999984741211,14.65999984741211,12900
2025-01-15,14.699999809265137,14.699999809265137,15.0,14.5,14.880000114440918,53900
2025-01-16,14.640000343322754,14.640000343322754,14.729999542236328,14.619999885559082,14.699999809265137,8800
2025-01-17,14.640000343322754,14.640000343322754,14.710000038146973,14.619999885559082,14.65999984741211,22100
2025-01-21,14.649999618530272,14.649999618530272,14.68000030517578,14.550000190734863,14.640000343322754,15100
2025-01-22,14.630000114440918,14.630000114440918,14.850000381469728,14.5,14.670000076293944,37500
2025-01-23,14.449999809265137,14.449999809265137,14.5,14.300000190734863,14.300000190734863,11300
2025-01-24,14.800000190734863,14.800000190734863,14.800000190734863,14.359999656677246,14.43000030517578,50700
2025-01-27,14.699999809265137,14.699999809265137,14.960000038146973,14.649999618530272,14.649999618530272,79300
2025-01-28,14.699999809265137,14.699999809265137,14.710000038146973,14.550000190734863,14.670000076293944,28800
2025-01-29,14.739999771118164,14.739999771118164,14.739999771118164,14.520000457763672,14.520000457763672,18600
2025-01-30,14.699999809265137,14.699999809265137,14.800000190734863,14.479999542236328,14.720000267028809,30400
2025-01-31,14.649999618530272,14.649999618530272,14.899999618530272,14.649999618530272,14.710000038146973,89600
2025-02-03,14.65999984741211,14.65999984741211,14.899999618530272,14.65999984741211,14.699999809265137,21900
2025-02-04,14.640000343322754,14.640000343322754,14.699999809265137,14.600000381469728,14.6899995803833,17700
2025-02-05,14.739999771118164,14.739999771118164,14.84000015258789,14.600000381469728,14.600000381469728,25200
2025-02-06,14.720000267028809,14.720000267028809,14.75,14.600000381469728,14.649999618530272,19300
2025-02-07,14.670000076293944,14.670000076293944,14.739999771118164,14.5,14.729999542236328,25000
